semilla	cp	maxdepth	minsplit	minbucket	ganancia_test
919859	-1	6	320	32	48680000
137437	-1	6	320	32	46860000
922123	-1	6	320	32	53570000
502057	-1	6	320	32	43250000
324991	-1	6	320	32	46900000
289603	-1	6	320	32	49840000
313381	-1	6	320	32	48400000
529049	-1	6	320	32	47770000
237287	-1	6	320	32	47340000
619819	-1	6	320	32	48260000
911269	-1	6	320	32	45300000
536189	-1	6	320	32	48230000
490927	-1	6	320	32	45090000
276371	-1	6	320	32	51820000
121321	-1	6	320	32	45360000
868157	-1	6	320	32	47960000
739201	-1	6	320	32	54390000
340393	-1	6	320	32	51130000
967831	-1	6	320	32	52370000
171329	-1	6	320	32	48930000
919859	-1	6	320	48	46630000
137437	-1	6	320	48	47130000
922123	-1	6	320	48	53660000
502057	-1	6	320	48	42970000
324991	-1	6	320	48	43910000
289603	-1	6	320	48	49500000
313381	-1	6	320	48	48830000
529049	-1	6	320	48	47920000
237287	-1	6	320	48	46700000
619819	-1	6	320	48	47840000
911269	-1	6	320	48	45110000
536189	-1	6	320	48	48440000
490927	-1	6	320	48	46440000
276371	-1	6	320	48	52970000
121321	-1	6	320	48	45280000
868157	-1	6	320	48	48970000
739201	-1	6	320	48	54150000
340393	-1	6	320	48	50140000
967831	-1	6	320	48	51530000
171329	-1	6	320	48	48640000
919859	-1	6	320	64	46530000
137437	-1	6	320	64	45840000
922123	-1	6	320	64	53660000
502057	-1	6	320	64	46370000
324991	-1	6	320	64	44380000
289603	-1	6	320	64	51410000
313381	-1	6	320	64	48210000
529049	-1	6	320	64	49590000
237287	-1	6	320	64	46340000
619819	-1	6	320	64	51110000
911269	-1	6	320	64	45420000
536189	-1	6	320	64	48310000
490927	-1	6	320	64	45040000
276371	-1	6	320	64	54810000
121321	-1	6	320	64	46150000
868157	-1	6	320	64	49590000
739201	-1	6	320	64	55150000
340393	-1	6	320	64	50060000
967831	-1	6	320	64	56520000
171329	-1	6	320	64	48640000
919859	-1	6	320	80	45850000
137437	-1	6	320	80	44440000
922123	-1	6	320	80	54210000
502057	-1	6	320	80	45030000
324991	-1	6	320	80	44770000
289603	-1	6	320	80	51790000
313381	-1	6	320	80	46400000
529049	-1	6	320	80	50500000
237287	-1	6	320	80	46420000
619819	-1	6	320	80	51010000
911269	-1	6	320	80	46320000
536189	-1	6	320	80	4.8e+07
490927	-1	6	320	80	43590000
276371	-1	6	320	80	55490000
121321	-1	6	320	80	46150000
868157	-1	6	320	80	50430000
739201	-1	6	320	80	55180000
340393	-1	6	320	80	49520000
967831	-1	6	320	80	56810000
171329	-1	6	320	80	48640000
919859	-0.8	6	320	32	48680000
137437	-0.8	6	320	32	46860000
922123	-0.8	6	320	32	53570000
502057	-0.8	6	320	32	43250000
324991	-0.8	6	320	32	46900000
289603	-0.8	6	320	32	49840000
313381	-0.8	6	320	32	48400000
529049	-0.8	6	320	32	47770000
237287	-0.8	6	320	32	47340000
619819	-0.8	6	320	32	48260000
911269	-0.8	6	320	32	45300000
536189	-0.8	6	320	32	48230000
490927	-0.8	6	320	32	45090000
276371	-0.8	6	320	32	51820000
121321	-0.8	6	320	32	45360000
868157	-0.8	6	320	32	47960000
739201	-0.8	6	320	32	54390000
340393	-0.8	6	320	32	51130000
967831	-0.8	6	320	32	52370000
171329	-0.8	6	320	32	48930000
919859	-0.8	6	320	48	46630000
137437	-0.8	6	320	48	47130000
922123	-0.8	6	320	48	53660000
502057	-0.8	6	320	48	42970000
324991	-0.8	6	320	48	43910000
289603	-0.8	6	320	48	49500000
313381	-0.8	6	320	48	48830000
529049	-0.8	6	320	48	47920000
237287	-0.8	6	320	48	46700000
619819	-0.8	6	320	48	47840000
911269	-0.8	6	320	48	45110000
536189	-0.8	6	320	48	48440000
490927	-0.8	6	320	48	46440000
276371	-0.8	6	320	48	52970000
121321	-0.8	6	320	48	45280000
868157	-0.8	6	320	48	48970000
739201	-0.8	6	320	48	54150000
340393	-0.8	6	320	48	50140000
967831	-0.8	6	320	48	51530000
171329	-0.8	6	320	48	48640000
919859	-0.8	6	320	64	46530000
137437	-0.8	6	320	64	45840000
922123	-0.8	6	320	64	53660000
502057	-0.8	6	320	64	46370000
324991	-0.8	6	320	64	44380000
289603	-0.8	6	320	64	51410000
313381	-0.8	6	320	64	48210000
529049	-0.8	6	320	64	49590000
237287	-0.8	6	320	64	46340000
619819	-0.8	6	320	64	51110000
911269	-0.8	6	320	64	45420000
536189	-0.8	6	320	64	48310000
490927	-0.8	6	320	64	45040000
276371	-0.8	6	320	64	54810000
121321	-0.8	6	320	64	46150000
868157	-0.8	6	320	64	49590000
739201	-0.8	6	320	64	55150000
340393	-0.8	6	320	64	50060000
967831	-0.8	6	320	64	56520000
171329	-0.8	6	320	64	48640000
919859	-0.8	6	320	80	45850000
137437	-0.8	6	320	80	44440000
922123	-0.8	6	320	80	54210000
502057	-0.8	6	320	80	45030000
324991	-0.8	6	320	80	44770000
289603	-0.8	6	320	80	51790000
313381	-0.8	6	320	80	46400000
529049	-0.8	6	320	80	50500000
237287	-0.8	6	320	80	46420000
619819	-0.8	6	320	80	51010000
911269	-0.8	6	320	80	46320000
536189	-0.8	6	320	80	4.8e+07
490927	-0.8	6	320	80	43590000
276371	-0.8	6	320	80	55490000
121321	-0.8	6	320	80	46150000
868157	-0.8	6	320	80	50430000
739201	-0.8	6	320	80	55180000
340393	-0.8	6	320	80	49520000
967831	-0.8	6	320	80	56810000
171329	-0.8	6	320	80	48640000
919859	-0.6	6	320	32	48680000
137437	-0.6	6	320	32	46860000
922123	-0.6	6	320	32	53570000
502057	-0.6	6	320	32	43250000
324991	-0.6	6	320	32	46900000
289603	-0.6	6	320	32	49840000
313381	-0.6	6	320	32	48400000
529049	-0.6	6	320	32	47770000
237287	-0.6	6	320	32	47340000
619819	-0.6	6	320	32	48260000
911269	-0.6	6	320	32	45300000
536189	-0.6	6	320	32	48230000
490927	-0.6	6	320	32	45090000
276371	-0.6	6	320	32	51820000
121321	-0.6	6	320	32	45360000
868157	-0.6	6	320	32	47960000
739201	-0.6	6	320	32	54390000
340393	-0.6	6	320	32	51130000
967831	-0.6	6	320	32	52370000
171329	-0.6	6	320	32	48930000
919859	-0.6	6	320	48	46630000
137437	-0.6	6	320	48	47130000
922123	-0.6	6	320	48	53660000
502057	-0.6	6	320	48	42970000
324991	-0.6	6	320	48	43910000
289603	-0.6	6	320	48	49500000
313381	-0.6	6	320	48	48830000
529049	-0.6	6	320	48	47920000
237287	-0.6	6	320	48	46700000
619819	-0.6	6	320	48	47840000
911269	-0.6	6	320	48	45110000
536189	-0.6	6	320	48	48440000
490927	-0.6	6	320	48	46440000
276371	-0.6	6	320	48	52970000
121321	-0.6	6	320	48	45280000
868157	-0.6	6	320	48	48970000
739201	-0.6	6	320	48	54150000
340393	-0.6	6	320	48	50140000
967831	-0.6	6	320	48	51530000
171329	-0.6	6	320	48	48640000
919859	-0.6	6	320	64	46530000
137437	-0.6	6	320	64	45840000
922123	-0.6	6	320	64	53660000
502057	-0.6	6	320	64	46370000
324991	-0.6	6	320	64	44380000
289603	-0.6	6	320	64	51410000
313381	-0.6	6	320	64	48210000
529049	-0.6	6	320	64	49590000
237287	-0.6	6	320	64	46340000
619819	-0.6	6	320	64	51110000
911269	-0.6	6	320	64	45420000
536189	-0.6	6	320	64	48310000
490927	-0.6	6	320	64	45040000
276371	-0.6	6	320	64	54810000
121321	-0.6	6	320	64	46150000
868157	-0.6	6	320	64	49590000
739201	-0.6	6	320	64	55150000
340393	-0.6	6	320	64	50060000
967831	-0.6	6	320	64	56520000
171329	-0.6	6	320	64	48640000
919859	-0.6	6	320	80	45850000
137437	-0.6	6	320	80	44440000
922123	-0.6	6	320	80	54210000
502057	-0.6	6	320	80	45030000
324991	-0.6	6	320	80	44770000
289603	-0.6	6	320	80	51790000
313381	-0.6	6	320	80	46400000
529049	-0.6	6	320	80	50500000
237287	-0.6	6	320	80	46420000
619819	-0.6	6	320	80	51010000
911269	-0.6	6	320	80	46320000
536189	-0.6	6	320	80	4.8e+07
490927	-0.6	6	320	80	43590000
276371	-0.6	6	320	80	55490000
121321	-0.6	6	320	80	46150000
868157	-0.6	6	320	80	50430000
739201	-0.6	6	320	80	55180000
340393	-0.6	6	320	80	49520000
967831	-0.6	6	320	80	56810000
171329	-0.6	6	320	80	48640000
919859	-1	7	320	32	50960000
137437	-1	7	320	32	45190000
922123	-1	7	320	32	52070000
502057	-1	7	320	32	48570000
324991	-1	7	320	32	40780000
289603	-1	7	320	32	49840000
313381	-1	7	320	32	48690000
529049	-1	7	320	32	51330000
237287	-1	7	320	32	47920000
619819	-1	7	320	32	44930000
911269	-1	7	320	32	40440000
536189	-1	7	320	32	47460000
490927	-1	7	320	32	44390000
276371	-1	7	320	32	49120000
121321	-1	7	320	32	45640000
868157	-1	7	320	32	50160000
739201	-1	7	320	32	55920000
340393	-1	7	320	32	47790000
967831	-1	7	320	32	54740000
171329	-1	7	320	32	48530000
919859	-1	7	320	48	48490000
137437	-1	7	320	48	44840000
922123	-1	7	320	48	55110000
502057	-1	7	320	48	50790000
324991	-1	7	320	48	42790000
289603	-1	7	320	48	50800000
313381	-1	7	320	48	51460000
529049	-1	7	320	48	53050000
237287	-1	7	320	48	45750000
619819	-1	7	320	48	46720000
911269	-1	7	320	48	41290000
536189	-1	7	320	48	43640000
490927	-1	7	320	48	45530000
276371	-1	7	320	48	47670000
121321	-1	7	320	48	45560000
868157	-1	7	320	48	49430000
739201	-1	7	320	48	55480000
340393	-1	7	320	48	46780000
967831	-1	7	320	48	52970000
171329	-1	7	320	48	50040000
919859	-1	7	320	64	50160000
137437	-1	7	320	64	44820000
922123	-1	7	320	64	55300000
502057	-1	7	320	64	48280000
324991	-1	7	320	64	42400000
289603	-1	7	320	64	49470000
313381	-1	7	320	64	50570000
529049	-1	7	320	64	50590000
237287	-1	7	320	64	48040000
619819	-1	7	320	64	48940000
911269	-1	7	320	64	42570000
536189	-1	7	320	64	43710000
490927	-1	7	320	64	46030000
276371	-1	7	320	64	46470000
121321	-1	7	320	64	47220000
868157	-1	7	320	64	50240000
739201	-1	7	320	64	57210000
340393	-1	7	320	64	46910000
967831	-1	7	320	64	50740000
171329	-1	7	320	64	50260000
919859	-1	7	320	80	47900000
137437	-1	7	320	80	43540000
922123	-1	7	320	80	53820000
502057	-1	7	320	80	47300000
324991	-1	7	320	80	45010000
289603	-1	7	320	80	49650000
313381	-1	7	320	80	49330000
529049	-1	7	320	80	49630000
237287	-1	7	320	80	47500000
619819	-1	7	320	80	49140000
911269	-1	7	320	80	44800000
536189	-1	7	320	80	45660000
490927	-1	7	320	80	45130000
276371	-1	7	320	80	48700000
121321	-1	7	320	80	48840000
868157	-1	7	320	80	48140000
739201	-1	7	320	80	57890000
340393	-1	7	320	80	47930000
967831	-1	7	320	80	51730000
171329	-1	7	320	80	48740000
919859	-0.8	7	320	32	50960000
137437	-0.8	7	320	32	45190000
922123	-0.8	7	320	32	52070000
502057	-0.8	7	320	32	48570000
324991	-0.8	7	320	32	40780000
289603	-0.8	7	320	32	49840000
313381	-0.8	7	320	32	48690000
529049	-0.8	7	320	32	51330000
237287	-0.8	7	320	32	47920000
619819	-0.8	7	320	32	44930000
911269	-0.8	7	320	32	40440000
536189	-0.8	7	320	32	47460000
490927	-0.8	7	320	32	44390000
276371	-0.8	7	320	32	49120000
121321	-0.8	7	320	32	45640000
868157	-0.8	7	320	32	50160000
739201	-0.8	7	320	32	55920000
340393	-0.8	7	320	32	47790000
967831	-0.8	7	320	32	54740000
171329	-0.8	7	320	32	48530000
919859	-0.8	7	320	48	48490000
137437	-0.8	7	320	48	44840000
922123	-0.8	7	320	48	55110000
502057	-0.8	7	320	48	50790000
324991	-0.8	7	320	48	42790000
289603	-0.8	7	320	48	50800000
313381	-0.8	7	320	48	51460000
529049	-0.8	7	320	48	53050000
237287	-0.8	7	320	48	45750000
619819	-0.8	7	320	48	46720000
911269	-0.8	7	320	48	41290000
536189	-0.8	7	320	48	43640000
490927	-0.8	7	320	48	45530000
276371	-0.8	7	320	48	47670000
121321	-0.8	7	320	48	45560000
868157	-0.8	7	320	48	49430000
739201	-0.8	7	320	48	55480000
340393	-0.8	7	320	48	46780000
967831	-0.8	7	320	48	52970000
171329	-0.8	7	320	48	50040000
919859	-0.8	7	320	64	50160000
137437	-0.8	7	320	64	44820000
922123	-0.8	7	320	64	55300000
502057	-0.8	7	320	64	48280000
324991	-0.8	7	320	64	42400000
289603	-0.8	7	320	64	49470000
313381	-0.8	7	320	64	50570000
529049	-0.8	7	320	64	50590000
237287	-0.8	7	320	64	48040000
619819	-0.8	7	320	64	48940000
911269	-0.8	7	320	64	42570000
536189	-0.8	7	320	64	43710000
490927	-0.8	7	320	64	46030000
276371	-0.8	7	320	64	46470000
121321	-0.8	7	320	64	47220000
868157	-0.8	7	320	64	50240000
739201	-0.8	7	320	64	57210000
340393	-0.8	7	320	64	46910000
967831	-0.8	7	320	64	50740000
171329	-0.8	7	320	64	50260000
919859	-0.8	7	320	80	47900000
137437	-0.8	7	320	80	43540000
922123	-0.8	7	320	80	53820000
502057	-0.8	7	320	80	47300000
324991	-0.8	7	320	80	45010000
289603	-0.8	7	320	80	49650000
313381	-0.8	7	320	80	49330000
529049	-0.8	7	320	80	49630000
237287	-0.8	7	320	80	47500000
619819	-0.8	7	320	80	49140000
911269	-0.8	7	320	80	44800000
536189	-0.8	7	320	80	45660000
490927	-0.8	7	320	80	45130000
276371	-0.8	7	320	80	48700000
121321	-0.8	7	320	80	48840000
868157	-0.8	7	320	80	48140000
739201	-0.8	7	320	80	57890000
340393	-0.8	7	320	80	47930000
967831	-0.8	7	320	80	51730000
171329	-0.8	7	320	80	48740000
919859	-0.6	7	320	32	50960000
137437	-0.6	7	320	32	45190000
922123	-0.6	7	320	32	52070000
502057	-0.6	7	320	32	48570000
324991	-0.6	7	320	32	40780000
289603	-0.6	7	320	32	49840000
313381	-0.6	7	320	32	48690000
529049	-0.6	7	320	32	51330000
237287	-0.6	7	320	32	47920000
619819	-0.6	7	320	32	44930000
911269	-0.6	7	320	32	40440000
536189	-0.6	7	320	32	47460000
490927	-0.6	7	320	32	44390000
276371	-0.6	7	320	32	49120000
121321	-0.6	7	320	32	45640000
868157	-0.6	7	320	32	50160000
739201	-0.6	7	320	32	55920000
340393	-0.6	7	320	32	47790000
967831	-0.6	7	320	32	54740000
171329	-0.6	7	320	32	48530000
919859	-0.6	7	320	48	48490000
137437	-0.6	7	320	48	44840000
922123	-0.6	7	320	48	55110000
502057	-0.6	7	320	48	50790000
324991	-0.6	7	320	48	42790000
289603	-0.6	7	320	48	50800000
313381	-0.6	7	320	48	51460000
529049	-0.6	7	320	48	53050000
237287	-0.6	7	320	48	45750000
619819	-0.6	7	320	48	46720000
911269	-0.6	7	320	48	41290000
536189	-0.6	7	320	48	43640000
490927	-0.6	7	320	48	45530000
276371	-0.6	7	320	48	47670000
121321	-0.6	7	320	48	45560000
868157	-0.6	7	320	48	49430000
739201	-0.6	7	320	48	55480000
340393	-0.6	7	320	48	46780000
967831	-0.6	7	320	48	52970000
171329	-0.6	7	320	48	50040000
919859	-0.6	7	320	64	50160000
137437	-0.6	7	320	64	44820000
922123	-0.6	7	320	64	55300000
502057	-0.6	7	320	64	48280000
324991	-0.6	7	320	64	42400000
289603	-0.6	7	320	64	49470000
313381	-0.6	7	320	64	50570000
529049	-0.6	7	320	64	50590000
237287	-0.6	7	320	64	48040000
619819	-0.6	7	320	64	48940000
911269	-0.6	7	320	64	42570000
536189	-0.6	7	320	64	43710000
490927	-0.6	7	320	64	46030000
276371	-0.6	7	320	64	46470000
121321	-0.6	7	320	64	47220000
868157	-0.6	7	320	64	50240000
739201	-0.6	7	320	64	57210000
340393	-0.6	7	320	64	46910000
967831	-0.6	7	320	64	50740000
171329	-0.6	7	320	64	50260000
919859	-0.6	7	320	80	47900000
137437	-0.6	7	320	80	43540000
922123	-0.6	7	320	80	53820000
502057	-0.6	7	320	80	47300000
324991	-0.6	7	320	80	45010000
289603	-0.6	7	320	80	49650000
313381	-0.6	7	320	80	49330000
529049	-0.6	7	320	80	49630000
237287	-0.6	7	320	80	47500000
619819	-0.6	7	320	80	49140000
911269	-0.6	7	320	80	44800000
536189	-0.6	7	320	80	45660000
490927	-0.6	7	320	80	45130000
276371	-0.6	7	320	80	48700000
121321	-0.6	7	320	80	48840000
868157	-0.6	7	320	80	48140000
739201	-0.6	7	320	80	57890000
340393	-0.6	7	320	80	47930000
967831	-0.6	7	320	80	51730000
171329	-0.6	7	320	80	48740000
919859	-1	8	320	32	53620000
137437	-1	8	320	32	46970000
922123	-1	8	320	32	51560000
502057	-1	8	320	32	48020000
324991	-1	8	320	32	43760000
289603	-1	8	320	32	50730000
313381	-1	8	320	32	4.7e+07
529049	-1	8	320	32	49820000
237287	-1	8	320	32	46340000
619819	-1	8	320	32	48120000
911269	-1	8	320	32	42120000
536189	-1	8	320	32	45530000
490927	-1	8	320	32	42080000
276371	-1	8	320	32	47490000
121321	-1	8	320	32	45550000
868157	-1	8	320	32	47210000
739201	-1	8	320	32	52640000
340393	-1	8	320	32	47400000
967831	-1	8	320	32	55460000
171329	-1	8	320	32	48090000
919859	-1	8	320	48	49050000
137437	-1	8	320	48	4.8e+07
922123	-1	8	320	48	53070000
502057	-1	8	320	48	49950000
324991	-1	8	320	48	45060000
289603	-1	8	320	48	48570000
313381	-1	8	320	48	48800000
529049	-1	8	320	48	52060000
237287	-1	8	320	48	45980000
619819	-1	8	320	48	47160000
911269	-1	8	320	48	42310000
536189	-1	8	320	48	45700000
490927	-1	8	320	48	44160000
276371	-1	8	320	48	47720000
121321	-1	8	320	48	45780000
868157	-1	8	320	48	46390000
739201	-1	8	320	48	53340000
340393	-1	8	320	48	45300000
967831	-1	8	320	48	52990000
171329	-1	8	320	48	48360000
919859	-1	8	320	64	50210000
137437	-1	8	320	64	48070000
922123	-1	8	320	64	52390000
502057	-1	8	320	64	46540000
324991	-1	8	320	64	44880000
289603	-1	8	320	64	49960000
313381	-1	8	320	64	48090000
529049	-1	8	320	64	51700000
237287	-1	8	320	64	47940000
619819	-1	8	320	64	45620000
911269	-1	8	320	64	44350000
536189	-1	8	320	64	45560000
490927	-1	8	320	64	45510000
276371	-1	8	320	64	48870000
121321	-1	8	320	64	46010000
868157	-1	8	320	64	46160000
739201	-1	8	320	64	56030000
340393	-1	8	320	64	44730000
967831	-1	8	320	64	50530000
171329	-1	8	320	64	47970000
919859	-1	8	320	80	47960000
137437	-1	8	320	80	45090000
922123	-1	8	320	80	53300000
502057	-1	8	320	80	45460000
324991	-1	8	320	80	45690000
289603	-1	8	320	80	46890000
313381	-1	8	320	80	48360000
529049	-1	8	320	80	48910000
237287	-1	8	320	80	47010000
619819	-1	8	320	80	45110000
911269	-1	8	320	80	46470000
536189	-1	8	320	80	46230000
490927	-1	8	320	80	43400000
276371	-1	8	320	80	48330000
121321	-1	8	320	80	43700000
868157	-1	8	320	80	47060000
739201	-1	8	320	80	52520000
340393	-1	8	320	80	45520000
967831	-1	8	320	80	52100000
171329	-1	8	320	80	48400000
919859	-0.8	8	320	32	53620000
137437	-0.8	8	320	32	46970000
922123	-0.8	8	320	32	51560000
502057	-0.8	8	320	32	48020000
324991	-0.8	8	320	32	43760000
289603	-0.8	8	320	32	50730000
313381	-0.8	8	320	32	4.7e+07
529049	-0.8	8	320	32	49820000
237287	-0.8	8	320	32	46340000
619819	-0.8	8	320	32	48120000
911269	-0.8	8	320	32	42120000
536189	-0.8	8	320	32	45530000
490927	-0.8	8	320	32	42080000
276371	-0.8	8	320	32	47490000
121321	-0.8	8	320	32	45550000
868157	-0.8	8	320	32	47210000
739201	-0.8	8	320	32	52640000
340393	-0.8	8	320	32	47400000
967831	-0.8	8	320	32	55460000
171329	-0.8	8	320	32	48090000
919859	-0.8	8	320	48	49050000
137437	-0.8	8	320	48	4.8e+07
922123	-0.8	8	320	48	53070000
502057	-0.8	8	320	48	49950000
324991	-0.8	8	320	48	45060000
289603	-0.8	8	320	48	48570000
313381	-0.8	8	320	48	48800000
529049	-0.8	8	320	48	52060000
237287	-0.8	8	320	48	45980000
619819	-0.8	8	320	48	47160000
911269	-0.8	8	320	48	42310000
536189	-0.8	8	320	48	45700000
490927	-0.8	8	320	48	44160000
276371	-0.8	8	320	48	47720000
121321	-0.8	8	320	48	45780000
868157	-0.8	8	320	48	46390000
739201	-0.8	8	320	48	53340000
340393	-0.8	8	320	48	45300000
967831	-0.8	8	320	48	52990000
171329	-0.8	8	320	48	48360000
919859	-0.8	8	320	64	50210000
137437	-0.8	8	320	64	48070000
922123	-0.8	8	320	64	52390000
502057	-0.8	8	320	64	46540000
324991	-0.8	8	320	64	44880000
289603	-0.8	8	320	64	49960000
313381	-0.8	8	320	64	48090000
529049	-0.8	8	320	64	51700000
237287	-0.8	8	320	64	47940000
619819	-0.8	8	320	64	45620000
911269	-0.8	8	320	64	44350000
536189	-0.8	8	320	64	45560000
490927	-0.8	8	320	64	45510000
276371	-0.8	8	320	64	48870000
121321	-0.8	8	320	64	46010000
868157	-0.8	8	320	64	46160000
739201	-0.8	8	320	64	56030000
340393	-0.8	8	320	64	44730000
967831	-0.8	8	320	64	50530000
171329	-0.8	8	320	64	47970000
919859	-0.8	8	320	80	47960000
137437	-0.8	8	320	80	45090000
922123	-0.8	8	320	80	53300000
502057	-0.8	8	320	80	45460000
324991	-0.8	8	320	80	45690000
289603	-0.8	8	320	80	46890000
313381	-0.8	8	320	80	48360000
529049	-0.8	8	320	80	48910000
237287	-0.8	8	320	80	47010000
619819	-0.8	8	320	80	45110000
911269	-0.8	8	320	80	46470000
536189	-0.8	8	320	80	46230000
490927	-0.8	8	320	80	43400000
276371	-0.8	8	320	80	48330000
121321	-0.8	8	320	80	43700000
868157	-0.8	8	320	80	47060000
739201	-0.8	8	320	80	52520000
340393	-0.8	8	320	80	45520000
967831	-0.8	8	320	80	52100000
171329	-0.8	8	320	80	48400000
919859	-0.6	8	320	32	53620000
137437	-0.6	8	320	32	46970000
922123	-0.6	8	320	32	51560000
502057	-0.6	8	320	32	48020000
324991	-0.6	8	320	32	43760000
289603	-0.6	8	320	32	50730000
313381	-0.6	8	320	32	4.7e+07
529049	-0.6	8	320	32	49820000
237287	-0.6	8	320	32	46340000
619819	-0.6	8	320	32	48120000
911269	-0.6	8	320	32	42120000
536189	-0.6	8	320	32	45530000
490927	-0.6	8	320	32	42080000
276371	-0.6	8	320	32	47490000
121321	-0.6	8	320	32	45550000
868157	-0.6	8	320	32	47210000
739201	-0.6	8	320	32	52640000
340393	-0.6	8	320	32	47400000
967831	-0.6	8	320	32	55460000
171329	-0.6	8	320	32	48090000
919859	-0.6	8	320	48	49050000
137437	-0.6	8	320	48	4.8e+07
922123	-0.6	8	320	48	53070000
502057	-0.6	8	320	48	49950000
324991	-0.6	8	320	48	45060000
289603	-0.6	8	320	48	48570000
313381	-0.6	8	320	48	48800000
529049	-0.6	8	320	48	52060000
237287	-0.6	8	320	48	45980000
619819	-0.6	8	320	48	47160000
911269	-0.6	8	320	48	42310000
536189	-0.6	8	320	48	45700000
490927	-0.6	8	320	48	44160000
276371	-0.6	8	320	48	47720000
121321	-0.6	8	320	48	45780000
868157	-0.6	8	320	48	46390000
739201	-0.6	8	320	48	53340000
340393	-0.6	8	320	48	45300000
967831	-0.6	8	320	48	52990000
171329	-0.6	8	320	48	48360000
919859	-0.6	8	320	64	50210000
137437	-0.6	8	320	64	48070000
922123	-0.6	8	320	64	52390000
502057	-0.6	8	320	64	46540000
324991	-0.6	8	320	64	44880000
289603	-0.6	8	320	64	49960000
313381	-0.6	8	320	64	48090000
529049	-0.6	8	320	64	51700000
237287	-0.6	8	320	64	47940000
619819	-0.6	8	320	64	45620000
911269	-0.6	8	320	64	44350000
536189	-0.6	8	320	64	45560000
490927	-0.6	8	320	64	45510000
276371	-0.6	8	320	64	48870000
121321	-0.6	8	320	64	46010000
868157	-0.6	8	320	64	46160000
739201	-0.6	8	320	64	56030000
340393	-0.6	8	320	64	44730000
967831	-0.6	8	320	64	50530000
171329	-0.6	8	320	64	47970000
919859	-0.6	8	320	80	47960000
137437	-0.6	8	320	80	45090000
922123	-0.6	8	320	80	53300000
502057	-0.6	8	320	80	45460000
324991	-0.6	8	320	80	45690000
289603	-0.6	8	320	80	46890000
313381	-0.6	8	320	80	48360000
529049	-0.6	8	320	80	48910000
237287	-0.6	8	320	80	47010000
619819	-0.6	8	320	80	45110000
911269	-0.6	8	320	80	46470000
536189	-0.6	8	320	80	46230000
490927	-0.6	8	320	80	43400000
276371	-0.6	8	320	80	48330000
121321	-0.6	8	320	80	43700000
868157	-0.6	8	320	80	47060000
739201	-0.6	8	320	80	52520000
340393	-0.6	8	320	80	45520000
967831	-0.6	8	320	80	52100000
171329	-0.6	8	320	80	48400000
919859	-1	6	480	32	48680000
137437	-1	6	480	32	46410000
922123	-1	6	480	32	53760000
502057	-1	6	480	32	43250000
324991	-1	6	480	32	46900000
289603	-1	6	480	32	50010000
313381	-1	6	480	32	48550000
529049	-1	6	480	32	47770000
237287	-1	6	480	32	47340000
619819	-1	6	480	32	48260000
911269	-1	6	480	32	45300000
536189	-1	6	480	32	48230000
490927	-1	6	480	32	45090000
276371	-1	6	480	32	51820000
121321	-1	6	480	32	45360000
868157	-1	6	480	32	47960000
739201	-1	6	480	32	54390000
340393	-1	6	480	32	51130000
967831	-1	6	480	32	52370000
171329	-1	6	480	32	48930000
919859	-1	6	480	48	47580000
137437	-1	6	480	48	46680000
922123	-1	6	480	48	53710000
502057	-1	6	480	48	42970000
324991	-1	6	480	48	43730000
289603	-1	6	480	48	49670000
313381	-1	6	480	48	48980000
529049	-1	6	480	48	47920000
237287	-1	6	480	48	46700000
619819	-1	6	480	48	47840000
911269	-1	6	480	48	45110000
536189	-1	6	480	48	48440000
490927	-1	6	480	48	46440000
276371	-1	6	480	48	52970000
121321	-1	6	480	48	45280000
868157	-1	6	480	48	48970000
739201	-1	6	480	48	54150000
340393	-1	6	480	48	50140000
967831	-1	6	480	48	51530000
171329	-1	6	480	48	48640000
919859	-1	6	480	64	46530000
137437	-1	6	480	64	46870000
922123	-1	6	480	64	53710000
502057	-1	6	480	64	46370000
324991	-1	6	480	64	44260000
289603	-1	6	480	64	51580000
313381	-1	6	480	64	48360000
529049	-1	6	480	64	49590000
237287	-1	6	480	64	46340000
619819	-1	6	480	64	51110000
911269	-1	6	480	64	45420000
536189	-1	6	480	64	48310000
490927	-1	6	480	64	45040000
276371	-1	6	480	64	54810000
121321	-1	6	480	64	46150000
868157	-1	6	480	64	50650000
739201	-1	6	480	64	55150000
340393	-1	6	480	64	50060000
967831	-1	6	480	64	56520000
171329	-1	6	480	64	48640000
919859	-1	6	480	80	45850000
137437	-1	6	480	80	45470000
922123	-1	6	480	80	54260000
502057	-1	6	480	80	45030000
324991	-1	6	480	80	44760000
289603	-1	6	480	80	51960000
313381	-1	6	480	80	46860000
529049	-1	6	480	80	50070000
237287	-1	6	480	80	46420000
619819	-1	6	480	80	51010000
911269	-1	6	480	80	46320000
536189	-1	6	480	80	47520000
490927	-1	6	480	80	43590000
276371	-1	6	480	80	55490000
121321	-1	6	480	80	46150000
868157	-1	6	480	80	51890000
739201	-1	6	480	80	55180000
340393	-1	6	480	80	49520000
967831	-1	6	480	80	56810000
171329	-1	6	480	80	48640000
919859	-0.8	6	480	32	48680000
137437	-0.8	6	480	32	46410000
922123	-0.8	6	480	32	53760000
502057	-0.8	6	480	32	43250000
324991	-0.8	6	480	32	46900000
289603	-0.8	6	480	32	50010000
313381	-0.8	6	480	32	48550000
529049	-0.8	6	480	32	47770000
237287	-0.8	6	480	32	47340000
619819	-0.8	6	480	32	48260000
911269	-0.8	6	480	32	45300000
536189	-0.8	6	480	32	48230000
490927	-0.8	6	480	32	45090000
276371	-0.8	6	480	32	51820000
121321	-0.8	6	480	32	45360000
868157	-0.8	6	480	32	47960000
739201	-0.8	6	480	32	54390000
340393	-0.8	6	480	32	51130000
967831	-0.8	6	480	32	52370000
171329	-0.8	6	480	32	48930000
919859	-0.8	6	480	48	47580000
137437	-0.8	6	480	48	46680000
922123	-0.8	6	480	48	53710000
502057	-0.8	6	480	48	42970000
324991	-0.8	6	480	48	43730000
289603	-0.8	6	480	48	49670000
313381	-0.8	6	480	48	48980000
529049	-0.8	6	480	48	47920000
237287	-0.8	6	480	48	46700000
619819	-0.8	6	480	48	47840000
911269	-0.8	6	480	48	45110000
536189	-0.8	6	480	48	48440000
490927	-0.8	6	480	48	46440000
276371	-0.8	6	480	48	52970000
121321	-0.8	6	480	48	45280000
868157	-0.8	6	480	48	48970000
739201	-0.8	6	480	48	54150000
340393	-0.8	6	480	48	50140000
967831	-0.8	6	480	48	51530000
171329	-0.8	6	480	48	48640000
919859	-0.8	6	480	64	46530000
137437	-0.8	6	480	64	46870000
922123	-0.8	6	480	64	53710000
502057	-0.8	6	480	64	46370000
324991	-0.8	6	480	64	44260000
289603	-0.8	6	480	64	51580000
313381	-0.8	6	480	64	48360000
529049	-0.8	6	480	64	49590000
237287	-0.8	6	480	64	46340000
619819	-0.8	6	480	64	51110000
911269	-0.8	6	480	64	45420000
536189	-0.8	6	480	64	48310000
490927	-0.8	6	480	64	45040000
276371	-0.8	6	480	64	54810000
121321	-0.8	6	480	64	46150000
868157	-0.8	6	480	64	50650000
739201	-0.8	6	480	64	55150000
340393	-0.8	6	480	64	50060000
967831	-0.8	6	480	64	56520000
171329	-0.8	6	480	64	48640000
919859	-0.8	6	480	80	45850000
137437	-0.8	6	480	80	45470000
922123	-0.8	6	480	80	54260000
502057	-0.8	6	480	80	45030000
324991	-0.8	6	480	80	44760000
289603	-0.8	6	480	80	51960000
313381	-0.8	6	480	80	46860000
529049	-0.8	6	480	80	50070000
237287	-0.8	6	480	80	46420000
619819	-0.8	6	480	80	51010000
911269	-0.8	6	480	80	46320000
536189	-0.8	6	480	80	47520000
490927	-0.8	6	480	80	43590000
276371	-0.8	6	480	80	55490000
121321	-0.8	6	480	80	46150000
868157	-0.8	6	480	80	51890000
739201	-0.8	6	480	80	55180000
340393	-0.8	6	480	80	49520000
967831	-0.8	6	480	80	56810000
171329	-0.8	6	480	80	48640000
919859	-0.6	6	480	32	48680000
137437	-0.6	6	480	32	46410000
922123	-0.6	6	480	32	53760000
502057	-0.6	6	480	32	43250000
324991	-0.6	6	480	32	46900000
289603	-0.6	6	480	32	50010000
313381	-0.6	6	480	32	48550000
529049	-0.6	6	480	32	47770000
237287	-0.6	6	480	32	47340000
619819	-0.6	6	480	32	48260000
911269	-0.6	6	480	32	45300000
536189	-0.6	6	480	32	48230000
490927	-0.6	6	480	32	45090000
276371	-0.6	6	480	32	51820000
121321	-0.6	6	480	32	45360000
868157	-0.6	6	480	32	47960000
739201	-0.6	6	480	32	54390000
340393	-0.6	6	480	32	51130000
967831	-0.6	6	480	32	52370000
171329	-0.6	6	480	32	48930000
919859	-0.6	6	480	48	47580000
137437	-0.6	6	480	48	46680000
922123	-0.6	6	480	48	53710000
502057	-0.6	6	480	48	42970000
324991	-0.6	6	480	48	43730000
289603	-0.6	6	480	48	49670000
313381	-0.6	6	480	48	48980000
529049	-0.6	6	480	48	47920000
237287	-0.6	6	480	48	46700000
619819	-0.6	6	480	48	47840000
911269	-0.6	6	480	48	45110000
536189	-0.6	6	480	48	48440000
490927	-0.6	6	480	48	46440000
276371	-0.6	6	480	48	52970000
121321	-0.6	6	480	48	45280000
868157	-0.6	6	480	48	48970000
739201	-0.6	6	480	48	54150000
340393	-0.6	6	480	48	50140000
967831	-0.6	6	480	48	51530000
171329	-0.6	6	480	48	48640000
919859	-0.6	6	480	64	46530000
137437	-0.6	6	480	64	46870000
922123	-0.6	6	480	64	53710000
502057	-0.6	6	480	64	46370000
324991	-0.6	6	480	64	44260000
289603	-0.6	6	480	64	51580000
313381	-0.6	6	480	64	48360000
529049	-0.6	6	480	64	49590000
237287	-0.6	6	480	64	46340000
619819	-0.6	6	480	64	51110000
911269	-0.6	6	480	64	45420000
536189	-0.6	6	480	64	48310000
490927	-0.6	6	480	64	45040000
276371	-0.6	6	480	64	54810000
121321	-0.6	6	480	64	46150000
868157	-0.6	6	480	64	50650000
739201	-0.6	6	480	64	55150000
340393	-0.6	6	480	64	50060000
967831	-0.6	6	480	64	56520000
171329	-0.6	6	480	64	48640000
919859	-0.6	6	480	80	45850000
137437	-0.6	6	480	80	45470000
922123	-0.6	6	480	80	54260000
502057	-0.6	6	480	80	45030000
324991	-0.6	6	480	80	44760000
289603	-0.6	6	480	80	51960000
313381	-0.6	6	480	80	46860000
529049	-0.6	6	480	80	50070000
237287	-0.6	6	480	80	46420000
619819	-0.6	6	480	80	51010000
911269	-0.6	6	480	80	46320000
536189	-0.6	6	480	80	47520000
490927	-0.6	6	480	80	43590000
276371	-0.6	6	480	80	55490000
121321	-0.6	6	480	80	46150000
868157	-0.6	6	480	80	51890000
739201	-0.6	6	480	80	55180000
340393	-0.6	6	480	80	49520000
967831	-0.6	6	480	80	56810000
171329	-0.6	6	480	80	48640000
919859	-1	7	480	32	50960000
137437	-1	7	480	32	44740000
922123	-1	7	480	32	52260000
502057	-1	7	480	32	48570000
324991	-1	7	480	32	41160000
289603	-1	7	480	32	50010000
313381	-1	7	480	32	48840000
529049	-1	7	480	32	51330000
237287	-1	7	480	32	47920000
619819	-1	7	480	32	45800000
911269	-1	7	480	32	40440000
536189	-1	7	480	32	47460000
490927	-1	7	480	32	45210000
276371	-1	7	480	32	49210000
121321	-1	7	480	32	45640000
868157	-1	7	480	32	50430000
739201	-1	7	480	32	55920000
340393	-1	7	480	32	47790000
967831	-1	7	480	32	55450000
171329	-1	7	480	32	48380000
919859	-1	7	480	48	49440000
137437	-1	7	480	48	45990000
922123	-1	7	480	48	55160000
502057	-1	7	480	48	50500000
324991	-1	7	480	48	42860000
289603	-1	7	480	48	50840000
313381	-1	7	480	48	51610000
529049	-1	7	480	48	53050000
237287	-1	7	480	48	45750000
619819	-1	7	480	48	47590000
911269	-1	7	480	48	41290000
536189	-1	7	480	48	43640000
490927	-1	7	480	48	44920000
276371	-1	7	480	48	47880000
121321	-1	7	480	48	45560000
868157	-1	7	480	48	49700000
739201	-1	7	480	48	54330000
340393	-1	7	480	48	46780000
967831	-1	7	480	48	53960000
171329	-1	7	480	48	50040000
919859	-1	7	480	64	49360000
137437	-1	7	480	64	45990000
922123	-1	7	480	64	55350000
502057	-1	7	480	64	49450000
324991	-1	7	480	64	42660000
289603	-1	7	480	64	49500000
313381	-1	7	480	64	50720000
529049	-1	7	480	64	50590000
237287	-1	7	480	64	48070000
619819	-1	7	480	64	51520000
911269	-1	7	480	64	42570000
536189	-1	7	480	64	43710000
490927	-1	7	480	64	46850000
276371	-1	7	480	64	46790000
121321	-1	7	480	64	47220000
868157	-1	7	480	64	51650000
739201	-1	7	480	64	56210000
340393	-1	7	480	64	46910000
967831	-1	7	480	64	52160000
171329	-1	7	480	64	50260000
919859	-1	7	480	80	48620000
137437	-1	7	480	80	44570000
922123	-1	7	480	80	54020000
502057	-1	7	480	80	48470000
324991	-1	7	480	80	44250000
289603	-1	7	480	80	49650000
313381	-1	7	480	80	49790000
529049	-1	7	480	80	49200000
237287	-1	7	480	80	47530000
619819	-1	7	480	80	51810000
911269	-1	7	480	80	43800000
536189	-1	7	480	80	45180000
490927	-1	7	480	80	45950000
276371	-1	7	480	80	49180000
121321	-1	7	480	80	48840000
868157	-1	7	480	80	50170000
739201	-1	7	480	80	57600000
340393	-1	7	480	80	47930000
967831	-1	7	480	80	52720000
171329	-1	7	480	80	48740000
919859	-0.8	7	480	32	50960000
137437	-0.8	7	480	32	44740000
922123	-0.8	7	480	32	52260000
502057	-0.8	7	480	32	48570000
324991	-0.8	7	480	32	41160000
289603	-0.8	7	480	32	50010000
313381	-0.8	7	480	32	48840000
529049	-0.8	7	480	32	51330000
237287	-0.8	7	480	32	47920000
619819	-0.8	7	480	32	45800000
911269	-0.8	7	480	32	40440000
536189	-0.8	7	480	32	47460000
490927	-0.8	7	480	32	45210000
276371	-0.8	7	480	32	49210000
121321	-0.8	7	480	32	45640000
868157	-0.8	7	480	32	50430000
739201	-0.8	7	480	32	55920000
340393	-0.8	7	480	32	47790000
967831	-0.8	7	480	32	55450000
171329	-0.8	7	480	32	48380000
919859	-0.8	7	480	48	49440000
137437	-0.8	7	480	48	45990000
922123	-0.8	7	480	48	55160000
502057	-0.8	7	480	48	50500000
324991	-0.8	7	480	48	42860000
289603	-0.8	7	480	48	50840000
313381	-0.8	7	480	48	51610000
529049	-0.8	7	480	48	53050000
237287	-0.8	7	480	48	45750000
619819	-0.8	7	480	48	47590000
911269	-0.8	7	480	48	41290000
536189	-0.8	7	480	48	43640000
490927	-0.8	7	480	48	44920000
276371	-0.8	7	480	48	47880000
121321	-0.8	7	480	48	45560000
868157	-0.8	7	480	48	49700000
739201	-0.8	7	480	48	54330000
340393	-0.8	7	480	48	46780000
967831	-0.8	7	480	48	53960000
171329	-0.8	7	480	48	50040000
919859	-0.8	7	480	64	49360000
137437	-0.8	7	480	64	45990000
922123	-0.8	7	480	64	55350000
502057	-0.8	7	480	64	49450000
324991	-0.8	7	480	64	42660000
289603	-0.8	7	480	64	49500000
313381	-0.8	7	480	64	50720000
529049	-0.8	7	480	64	50590000
237287	-0.8	7	480	64	48070000
619819	-0.8	7	480	64	51520000
911269	-0.8	7	480	64	42570000
536189	-0.8	7	480	64	43710000
490927	-0.8	7	480	64	46850000
276371	-0.8	7	480	64	46790000
121321	-0.8	7	480	64	47220000
868157	-0.8	7	480	64	51650000
739201	-0.8	7	480	64	56210000
340393	-0.8	7	480	64	46910000
967831	-0.8	7	480	64	52160000
171329	-0.8	7	480	64	50260000
919859	-0.8	7	480	80	48620000
137437	-0.8	7	480	80	44570000
922123	-0.8	7	480	80	54020000
502057	-0.8	7	480	80	48470000
324991	-0.8	7	480	80	44250000
289603	-0.8	7	480	80	49650000
313381	-0.8	7	480	80	49790000
529049	-0.8	7	480	80	49200000
237287	-0.8	7	480	80	47530000
619819	-0.8	7	480	80	51810000
911269	-0.8	7	480	80	43800000
536189	-0.8	7	480	80	45180000
490927	-0.8	7	480	80	45950000
276371	-0.8	7	480	80	49180000
121321	-0.8	7	480	80	48840000
868157	-0.8	7	480	80	50170000
739201	-0.8	7	480	80	57600000
340393	-0.8	7	480	80	47930000
967831	-0.8	7	480	80	52720000
171329	-0.8	7	480	80	48740000
919859	-0.6	7	480	32	50960000
137437	-0.6	7	480	32	44740000
922123	-0.6	7	480	32	52260000
502057	-0.6	7	480	32	48570000
324991	-0.6	7	480	32	41160000
289603	-0.6	7	480	32	50010000
313381	-0.6	7	480	32	48840000
529049	-0.6	7	480	32	51330000
237287	-0.6	7	480	32	47920000
619819	-0.6	7	480	32	45800000
911269	-0.6	7	480	32	40440000
536189	-0.6	7	480	32	47460000
490927	-0.6	7	480	32	45210000
276371	-0.6	7	480	32	49210000
121321	-0.6	7	480	32	45640000
868157	-0.6	7	480	32	50430000
739201	-0.6	7	480	32	55920000
340393	-0.6	7	480	32	47790000
967831	-0.6	7	480	32	55450000
171329	-0.6	7	480	32	48380000
919859	-0.6	7	480	48	49440000
137437	-0.6	7	480	48	45990000
922123	-0.6	7	480	48	55160000
502057	-0.6	7	480	48	50500000
324991	-0.6	7	480	48	42860000
289603	-0.6	7	480	48	50840000
313381	-0.6	7	480	48	51610000
529049	-0.6	7	480	48	53050000
237287	-0.6	7	480	48	45750000
619819	-0.6	7	480	48	47590000
911269	-0.6	7	480	48	41290000
536189	-0.6	7	480	48	43640000
490927	-0.6	7	480	48	44920000
276371	-0.6	7	480	48	47880000
121321	-0.6	7	480	48	45560000
868157	-0.6	7	480	48	49700000
739201	-0.6	7	480	48	54330000
340393	-0.6	7	480	48	46780000
967831	-0.6	7	480	48	53960000
171329	-0.6	7	480	48	50040000
919859	-0.6	7	480	64	49360000
137437	-0.6	7	480	64	45990000
922123	-0.6	7	480	64	55350000
502057	-0.6	7	480	64	49450000
324991	-0.6	7	480	64	42660000
289603	-0.6	7	480	64	49500000
313381	-0.6	7	480	64	50720000
529049	-0.6	7	480	64	50590000
237287	-0.6	7	480	64	48070000
619819	-0.6	7	480	64	51520000
911269	-0.6	7	480	64	42570000
536189	-0.6	7	480	64	43710000
490927	-0.6	7	480	64	46850000
276371	-0.6	7	480	64	46790000
121321	-0.6	7	480	64	47220000
868157	-0.6	7	480	64	51650000
739201	-0.6	7	480	64	56210000
340393	-0.6	7	480	64	46910000
967831	-0.6	7	480	64	52160000
171329	-0.6	7	480	64	50260000
919859	-0.6	7	480	80	48620000
137437	-0.6	7	480	80	44570000
922123	-0.6	7	480	80	54020000
502057	-0.6	7	480	80	48470000
324991	-0.6	7	480	80	44250000
289603	-0.6	7	480	80	49650000
313381	-0.6	7	480	80	49790000
529049	-0.6	7	480	80	49200000
237287	-0.6	7	480	80	47530000
619819	-0.6	7	480	80	51810000
911269	-0.6	7	480	80	43800000
536189	-0.6	7	480	80	45180000
490927	-0.6	7	480	80	45950000
276371	-0.6	7	480	80	49180000
121321	-0.6	7	480	80	48840000
868157	-0.6	7	480	80	50170000
739201	-0.6	7	480	80	57600000
340393	-0.6	7	480	80	47930000
967831	-0.6	7	480	80	52720000
171329	-0.6	7	480	80	48740000
919859	-1	8	480	32	53460000
137437	-1	8	480	32	46200000
922123	-1	8	480	32	51610000
502057	-1	8	480	32	48770000
324991	-1	8	480	32	42830000
289603	-1	8	480	32	50750000
313381	-1	8	480	32	47290000
529049	-1	8	480	32	49820000
237287	-1	8	480	32	46510000
619819	-1	8	480	32	48990000
911269	-1	8	480	32	41100000
536189	-1	8	480	32	45800000
490927	-1	8	480	32	44710000
276371	-1	8	480	32	47580000
121321	-1	8	480	32	45590000
868157	-1	8	480	32	47780000
739201	-1	8	480	32	53590000
340393	-1	8	480	32	47400000
967831	-1	8	480	32	56170000
171329	-1	8	480	32	48120000
919859	-1	8	480	48	50550000
137437	-1	8	480	48	48520000
922123	-1	8	480	48	53580000
502057	-1	8	480	48	50120000
324991	-1	8	480	48	44790000
289603	-1	8	480	48	48760000
313381	-1	8	480	48	48780000
529049	-1	8	480	48	52060000
237287	-1	8	480	48	46290000
619819	-1	8	480	48	48030000
911269	-1	8	480	48	41520000
536189	-1	8	480	48	45700000
490927	-1	8	480	48	44500000
276371	-1	8	480	48	44550000
121321	-1	8	480	48	46550000
868157	-1	8	480	48	46870000
739201	-1	8	480	48	52190000
340393	-1	8	480	48	45070000
967831	-1	8	480	48	54490000
171329	-1	8	480	48	48360000
919859	-1	8	480	64	50200000
137437	-1	8	480	64	48640000
922123	-1	8	480	64	52900000
502057	-1	8	480	64	47700000
324991	-1	8	480	64	44570000
289603	-1	8	480	64	50220000
313381	-1	8	480	64	47320000
529049	-1	8	480	64	51700000
237287	-1	8	480	64	48280000
619819	-1	8	480	64	48200000
911269	-1	8	480	64	42680000
536189	-1	8	480	64	45560000
490927	-1	8	480	64	47620000
276371	-1	8	480	64	45220000
121321	-1	8	480	64	47570000
868157	-1	8	480	64	47350000
739201	-1	8	480	64	55030000
340393	-1	8	480	64	44500000
967831	-1	8	480	64	52350000
171329	-1	8	480	64	47970000
919859	-1	8	480	80	50310000
137437	-1	8	480	80	46400000
922123	-1	8	480	80	53610000
502057	-1	8	480	80	47710000
324991	-1	8	480	80	44340000
289603	-1	8	480	80	46770000
313381	-1	8	480	80	48440000
529049	-1	8	480	80	48480000
237287	-1	8	480	80	47350000
619819	-1	8	480	80	47780000
911269	-1	8	480	80	44140000
536189	-1	8	480	80	45750000
490927	-1	8	480	80	45510000
276371	-1	8	480	80	47250000
121321	-1	8	480	80	47470000
868157	-1	8	480	80	49440000
739201	-1	8	480	80	52470000
340393	-1	8	480	80	45250000
967831	-1	8	480	80	52910000
171329	-1	8	480	80	48400000
919859	-0.8	8	480	32	53460000
137437	-0.8	8	480	32	46200000
922123	-0.8	8	480	32	51610000
502057	-0.8	8	480	32	48770000
324991	-0.8	8	480	32	42830000
289603	-0.8	8	480	32	50750000
313381	-0.8	8	480	32	47290000
529049	-0.8	8	480	32	49820000
237287	-0.8	8	480	32	46510000
619819	-0.8	8	480	32	48990000
911269	-0.8	8	480	32	41100000
536189	-0.8	8	480	32	45800000
490927	-0.8	8	480	32	44710000
276371	-0.8	8	480	32	47580000
121321	-0.8	8	480	32	45590000
868157	-0.8	8	480	32	47780000
739201	-0.8	8	480	32	53590000
340393	-0.8	8	480	32	47400000
967831	-0.8	8	480	32	56170000
171329	-0.8	8	480	32	48120000
919859	-0.8	8	480	48	50550000
137437	-0.8	8	480	48	48520000
922123	-0.8	8	480	48	53580000
502057	-0.8	8	480	48	50120000
324991	-0.8	8	480	48	44790000
289603	-0.8	8	480	48	48760000
313381	-0.8	8	480	48	48780000
529049	-0.8	8	480	48	52060000
237287	-0.8	8	480	48	46290000
619819	-0.8	8	480	48	48030000
911269	-0.8	8	480	48	41520000
536189	-0.8	8	480	48	45700000
490927	-0.8	8	480	48	44500000
276371	-0.8	8	480	48	44550000
121321	-0.8	8	480	48	46550000
868157	-0.8	8	480	48	46870000
739201	-0.8	8	480	48	52190000
340393	-0.8	8	480	48	45070000
967831	-0.8	8	480	48	54490000
171329	-0.8	8	480	48	48360000
919859	-0.8	8	480	64	50200000
137437	-0.8	8	480	64	48640000
922123	-0.8	8	480	64	52900000
502057	-0.8	8	480	64	47700000
324991	-0.8	8	480	64	44570000
289603	-0.8	8	480	64	50220000
313381	-0.8	8	480	64	47320000
529049	-0.8	8	480	64	51700000
237287	-0.8	8	480	64	48280000
619819	-0.8	8	480	64	48200000
911269	-0.8	8	480	64	42680000
536189	-0.8	8	480	64	45560000
490927	-0.8	8	480	64	47620000
276371	-0.8	8	480	64	45220000
121321	-0.8	8	480	64	47570000
868157	-0.8	8	480	64	47350000
739201	-0.8	8	480	64	55030000
340393	-0.8	8	480	64	44500000
967831	-0.8	8	480	64	52350000
171329	-0.8	8	480	64	47970000
919859	-0.8	8	480	80	50310000
137437	-0.8	8	480	80	46400000
922123	-0.8	8	480	80	53610000
502057	-0.8	8	480	80	47710000
324991	-0.8	8	480	80	44340000
289603	-0.8	8	480	80	46770000
313381	-0.8	8	480	80	48440000
529049	-0.8	8	480	80	48480000
237287	-0.8	8	480	80	47350000
619819	-0.8	8	480	80	47780000
911269	-0.8	8	480	80	44140000
536189	-0.8	8	480	80	45750000
490927	-0.8	8	480	80	45510000
276371	-0.8	8	480	80	47250000
121321	-0.8	8	480	80	47470000
868157	-0.8	8	480	80	49440000
739201	-0.8	8	480	80	52470000
340393	-0.8	8	480	80	45250000
967831	-0.8	8	480	80	52910000
171329	-0.8	8	480	80	48400000
919859	-0.6	8	480	32	53460000
137437	-0.6	8	480	32	46200000
922123	-0.6	8	480	32	51610000
502057	-0.6	8	480	32	48770000
324991	-0.6	8	480	32	42830000
289603	-0.6	8	480	32	50750000
313381	-0.6	8	480	32	47290000
529049	-0.6	8	480	32	49820000
237287	-0.6	8	480	32	46510000
619819	-0.6	8	480	32	48990000
911269	-0.6	8	480	32	41100000
536189	-0.6	8	480	32	45800000
490927	-0.6	8	480	32	44710000
276371	-0.6	8	480	32	47580000
121321	-0.6	8	480	32	45590000
868157	-0.6	8	480	32	47780000
739201	-0.6	8	480	32	53590000
340393	-0.6	8	480	32	47400000
967831	-0.6	8	480	32	56170000
171329	-0.6	8	480	32	48120000
919859	-0.6	8	480	48	50550000
137437	-0.6	8	480	48	48520000
922123	-0.6	8	480	48	53580000
502057	-0.6	8	480	48	50120000
324991	-0.6	8	480	48	44790000
289603	-0.6	8	480	48	48760000
313381	-0.6	8	480	48	48780000
529049	-0.6	8	480	48	52060000
237287	-0.6	8	480	48	46290000
619819	-0.6	8	480	48	48030000
911269	-0.6	8	480	48	41520000
536189	-0.6	8	480	48	45700000
490927	-0.6	8	480	48	44500000
276371	-0.6	8	480	48	44550000
121321	-0.6	8	480	48	46550000
868157	-0.6	8	480	48	46870000
739201	-0.6	8	480	48	52190000
340393	-0.6	8	480	48	45070000
967831	-0.6	8	480	48	54490000
171329	-0.6	8	480	48	48360000
919859	-0.6	8	480	64	50200000
137437	-0.6	8	480	64	48640000
922123	-0.6	8	480	64	52900000
502057	-0.6	8	480	64	47700000
324991	-0.6	8	480	64	44570000
289603	-0.6	8	480	64	50220000
313381	-0.6	8	480	64	47320000
529049	-0.6	8	480	64	51700000
237287	-0.6	8	480	64	48280000
619819	-0.6	8	480	64	48200000
911269	-0.6	8	480	64	42680000
536189	-0.6	8	480	64	45560000
490927	-0.6	8	480	64	47620000
276371	-0.6	8	480	64	45220000
121321	-0.6	8	480	64	47570000
868157	-0.6	8	480	64	47350000
739201	-0.6	8	480	64	55030000
340393	-0.6	8	480	64	44500000
967831	-0.6	8	480	64	52350000
171329	-0.6	8	480	64	47970000
919859	-0.6	8	480	80	50310000
137437	-0.6	8	480	80	46400000
922123	-0.6	8	480	80	53610000
502057	-0.6	8	480	80	47710000
324991	-0.6	8	480	80	44340000
289603	-0.6	8	480	80	46770000
313381	-0.6	8	480	80	48440000
529049	-0.6	8	480	80	48480000
237287	-0.6	8	480	80	47350000
619819	-0.6	8	480	80	47780000
911269	-0.6	8	480	80	44140000
536189	-0.6	8	480	80	45750000
490927	-0.6	8	480	80	45510000
276371	-0.6	8	480	80	47250000
121321	-0.6	8	480	80	47470000
868157	-0.6	8	480	80	49440000
739201	-0.6	8	480	80	52470000
340393	-0.6	8	480	80	45250000
967831	-0.6	8	480	80	52910000
171329	-0.6	8	480	80	48400000
919859	-1	6	640	32	49030000
137437	-1	6	640	32	46580000
922123	-1	6	640	32	54080000
502057	-1	6	640	32	43250000
324991	-1	6	640	32	46900000
289603	-1	6	640	32	50010000
313381	-1	6	640	32	48550000
529049	-1	6	640	32	47770000
237287	-1	6	640	32	47340000
619819	-1	6	640	32	48260000
911269	-1	6	640	32	45300000
536189	-1	6	640	32	48230000
490927	-1	6	640	32	45090000
276371	-1	6	640	32	51820000
121321	-1	6	640	32	45360000
868157	-1	6	640	32	47960000
739201	-1	6	640	32	54390000
340393	-1	6	640	32	51130000
967831	-1	6	640	32	51670000
171329	-1	6	640	32	48930000
919859	-1	6	640	48	47580000
137437	-1	6	640	48	45740000
922123	-1	6	640	48	54030000
502057	-1	6	640	48	42970000
324991	-1	6	640	48	43730000
289603	-1	6	640	48	49670000
313381	-1	6	640	48	48980000
529049	-1	6	640	48	47920000
237287	-1	6	640	48	46700000
619819	-1	6	640	48	47840000
911269	-1	6	640	48	45110000
536189	-1	6	640	48	48550000
490927	-1	6	640	48	46130000
276371	-1	6	640	48	52970000
121321	-1	6	640	48	45280000
868157	-1	6	640	48	47980000
739201	-1	6	640	48	54150000
340393	-1	6	640	48	50140000
967831	-1	6	640	48	50800000
171329	-1	6	640	48	48640000
919859	-1	6	640	64	46530000
137437	-1	6	640	64	45930000
922123	-1	6	640	64	54030000
502057	-1	6	640	64	46370000
324991	-1	6	640	64	44260000
289603	-1	6	640	64	51580000
313381	-1	6	640	64	48360000
529049	-1	6	640	64	49590000
237287	-1	6	640	64	46340000
619819	-1	6	640	64	51110000
911269	-1	6	640	64	45420000
536189	-1	6	640	64	48550000
490927	-1	6	640	64	44730000
276371	-1	6	640	64	54970000
121321	-1	6	640	64	46150000
868157	-1	6	640	64	49660000
739201	-1	6	640	64	55150000
340393	-1	6	640	64	50060000
967831	-1	6	640	64	55050000
171329	-1	6	640	64	48640000
919859	-1	6	640	80	45850000
137437	-1	6	640	80	44190000
922123	-1	6	640	80	54900000
502057	-1	6	640	80	45030000
324991	-1	6	640	80	44760000
289603	-1	6	640	80	51960000
313381	-1	6	640	80	46860000
529049	-1	6	640	80	50070000
237287	-1	6	640	80	46420000
619819	-1	6	640	80	51010000
911269	-1	6	640	80	46320000
536189	-1	6	640	80	47520000
490927	-1	6	640	80	43590000
276371	-1	6	640	80	55650000
121321	-1	6	640	80	46150000
868157	-1	6	640	80	50610000
739201	-1	6	640	80	55180000
340393	-1	6	640	80	49520000
967831	-1	6	640	80	56190000
171329	-1	6	640	80	48640000
919859	-0.8	6	640	32	49030000
137437	-0.8	6	640	32	46580000
922123	-0.8	6	640	32	54080000
502057	-0.8	6	640	32	43250000
324991	-0.8	6	640	32	46900000
289603	-0.8	6	640	32	50010000
313381	-0.8	6	640	32	48550000
529049	-0.8	6	640	32	47770000
237287	-0.8	6	640	32	47340000
619819	-0.8	6	640	32	48260000
911269	-0.8	6	640	32	45300000
536189	-0.8	6	640	32	48230000
490927	-0.8	6	640	32	45090000
276371	-0.8	6	640	32	51820000
121321	-0.8	6	640	32	45360000
868157	-0.8	6	640	32	47960000
739201	-0.8	6	640	32	54390000
340393	-0.8	6	640	32	51130000
967831	-0.8	6	640	32	51670000
171329	-0.8	6	640	32	48930000
919859	-0.8	6	640	48	47580000
137437	-0.8	6	640	48	45740000
922123	-0.8	6	640	48	54030000
502057	-0.8	6	640	48	42970000
324991	-0.8	6	640	48	43730000
289603	-0.8	6	640	48	49670000
313381	-0.8	6	640	48	48980000
529049	-0.8	6	640	48	47920000
237287	-0.8	6	640	48	46700000
619819	-0.8	6	640	48	47840000
911269	-0.8	6	640	48	45110000
536189	-0.8	6	640	48	48550000
490927	-0.8	6	640	48	46130000
276371	-0.8	6	640	48	52970000
121321	-0.8	6	640	48	45280000
868157	-0.8	6	640	48	47980000
739201	-0.8	6	640	48	54150000
340393	-0.8	6	640	48	50140000
967831	-0.8	6	640	48	50800000
171329	-0.8	6	640	48	48640000
919859	-0.8	6	640	64	46530000
137437	-0.8	6	640	64	45930000
922123	-0.8	6	640	64	54030000
502057	-0.8	6	640	64	46370000
324991	-0.8	6	640	64	44260000
289603	-0.8	6	640	64	51580000
313381	-0.8	6	640	64	48360000
529049	-0.8	6	640	64	49590000
237287	-0.8	6	640	64	46340000
619819	-0.8	6	640	64	51110000
911269	-0.8	6	640	64	45420000
536189	-0.8	6	640	64	48550000
490927	-0.8	6	640	64	44730000
276371	-0.8	6	640	64	54970000
121321	-0.8	6	640	64	46150000
868157	-0.8	6	640	64	49660000
739201	-0.8	6	640	64	55150000
340393	-0.8	6	640	64	50060000
967831	-0.8	6	640	64	55050000
171329	-0.8	6	640	64	48640000
919859	-0.8	6	640	80	45850000
137437	-0.8	6	640	80	44190000
922123	-0.8	6	640	80	54900000
502057	-0.8	6	640	80	45030000
324991	-0.8	6	640	80	44760000
289603	-0.8	6	640	80	51960000
313381	-0.8	6	640	80	46860000
529049	-0.8	6	640	80	50070000
237287	-0.8	6	640	80	46420000
619819	-0.8	6	640	80	51010000
911269	-0.8	6	640	80	46320000
536189	-0.8	6	640	80	47520000
490927	-0.8	6	640	80	43590000
276371	-0.8	6	640	80	55650000
121321	-0.8	6	640	80	46150000
868157	-0.8	6	640	80	50610000
739201	-0.8	6	640	80	55180000
340393	-0.8	6	640	80	49520000
967831	-0.8	6	640	80	56190000
171329	-0.8	6	640	80	48640000
919859	-0.6	6	640	32	49030000
137437	-0.6	6	640	32	46580000
922123	-0.6	6	640	32	54080000
502057	-0.6	6	640	32	43250000
324991	-0.6	6	640	32	46900000
289603	-0.6	6	640	32	50010000
313381	-0.6	6	640	32	48550000
529049	-0.6	6	640	32	47770000
237287	-0.6	6	640	32	47340000
619819	-0.6	6	640	32	48260000
911269	-0.6	6	640	32	45300000
536189	-0.6	6	640	32	48230000
490927	-0.6	6	640	32	45090000
276371	-0.6	6	640	32	51820000
121321	-0.6	6	640	32	45360000
868157	-0.6	6	640	32	47960000
739201	-0.6	6	640	32	54390000
340393	-0.6	6	640	32	51130000
967831	-0.6	6	640	32	51670000
171329	-0.6	6	640	32	48930000
919859	-0.6	6	640	48	47580000
137437	-0.6	6	640	48	45740000
922123	-0.6	6	640	48	54030000
502057	-0.6	6	640	48	42970000
324991	-0.6	6	640	48	43730000
289603	-0.6	6	640	48	49670000
313381	-0.6	6	640	48	48980000
529049	-0.6	6	640	48	47920000
237287	-0.6	6	640	48	46700000
619819	-0.6	6	640	48	47840000
911269	-0.6	6	640	48	45110000
536189	-0.6	6	640	48	48550000
490927	-0.6	6	640	48	46130000
276371	-0.6	6	640	48	52970000
121321	-0.6	6	640	48	45280000
868157	-0.6	6	640	48	47980000
739201	-0.6	6	640	48	54150000
340393	-0.6	6	640	48	50140000
967831	-0.6	6	640	48	50800000
171329	-0.6	6	640	48	48640000
919859	-0.6	6	640	64	46530000
137437	-0.6	6	640	64	45930000
922123	-0.6	6	640	64	54030000
502057	-0.6	6	640	64	46370000
324991	-0.6	6	640	64	44260000
289603	-0.6	6	640	64	51580000
313381	-0.6	6	640	64	48360000
529049	-0.6	6	640	64	49590000
237287	-0.6	6	640	64	46340000
619819	-0.6	6	640	64	51110000
911269	-0.6	6	640	64	45420000
536189	-0.6	6	640	64	48550000
490927	-0.6	6	640	64	44730000
276371	-0.6	6	640	64	54970000
121321	-0.6	6	640	64	46150000
868157	-0.6	6	640	64	49660000
739201	-0.6	6	640	64	55150000
340393	-0.6	6	640	64	50060000
967831	-0.6	6	640	64	55050000
171329	-0.6	6	640	64	48640000
919859	-0.6	6	640	80	45850000
137437	-0.6	6	640	80	44190000
922123	-0.6	6	640	80	54900000
502057	-0.6	6	640	80	45030000
324991	-0.6	6	640	80	44760000
289603	-0.6	6	640	80	51960000
313381	-0.6	6	640	80	46860000
529049	-0.6	6	640	80	50070000
237287	-0.6	6	640	80	46420000
619819	-0.6	6	640	80	51010000
911269	-0.6	6	640	80	46320000
536189	-0.6	6	640	80	47520000
490927	-0.6	6	640	80	43590000
276371	-0.6	6	640	80	55650000
121321	-0.6	6	640	80	46150000
868157	-0.6	6	640	80	50610000
739201	-0.6	6	640	80	55180000
340393	-0.6	6	640	80	49520000
967831	-0.6	6	640	80	56190000
171329	-0.6	6	640	80	48640000
919859	-1	7	640	32	51340000
137437	-1	7	640	32	45280000
922123	-1	7	640	32	52580000
502057	-1	7	640	32	48570000
324991	-1	7	640	32	41300000
289603	-1	7	640	32	50090000
313381	-1	7	640	32	48920000
529049	-1	7	640	32	51330000
237287	-1	7	640	32	47920000
619819	-1	7	640	32	45800000
911269	-1	7	640	32	40550000
536189	-1	7	640	32	47540000
490927	-1	7	640	32	45460000
276371	-1	7	640	32	49880000
121321	-1	7	640	32	45640000
868157	-1	7	640	32	50430000
739201	-1	7	640	32	55920000
340393	-1	7	640	32	48390000
967831	-1	7	640	32	54880000
171329	-1	7	640	32	48510000
919859	-1	7	640	48	49470000
137437	-1	7	640	48	45360000
922123	-1	7	640	48	55480000
502057	-1	7	640	48	50500000
324991	-1	7	640	48	42860000
289603	-1	7	640	48	50840000
313381	-1	7	640	48	51810000
529049	-1	7	640	48	53050000
237287	-1	7	640	48	45750000
619819	-1	7	640	48	47590000
911269	-1	7	640	48	41110000
536189	-1	7	640	48	44310000
490927	-1	7	640	48	45140000
276371	-1	7	640	48	50540000
121321	-1	7	640	48	45560000
868157	-1	7	640	48	48710000
739201	-1	7	640	48	54330000
340393	-1	7	640	48	47500000
967831	-1	7	640	48	53540000
171329	-1	7	640	48	50620000
919859	-1	7	640	64	49410000
137437	-1	7	640	64	45360000
922123	-1	7	640	64	55670000
502057	-1	7	640	64	49810000
324991	-1	7	640	64	42660000
289603	-1	7	640	64	49500000
313381	-1	7	640	64	50470000
529049	-1	7	640	64	50770000
237287	-1	7	640	64	47720000
619819	-1	7	640	64	51770000
911269	-1	7	640	64	43260000
536189	-1	7	640	64	44510000
490927	-1	7	640	64	46540000
276371	-1	7	640	64	49890000
121321	-1	7	640	64	47100000
868157	-1	7	640	64	50660000
739201	-1	7	640	64	56210000
340393	-1	7	640	64	47630000
967831	-1	7	640	64	5.1e+07
171329	-1	7	640	64	50840000
919859	-1	7	640	80	48670000
137437	-1	7	640	80	43580000
922123	-1	7	640	80	54660000
502057	-1	7	640	80	48470000
324991	-1	7	640	80	44250000
289603	-1	7	640	80	49650000
313381	-1	7	640	80	49760000
529049	-1	7	640	80	49380000
237287	-1	7	640	80	47800000
619819	-1	7	640	80	52160000
911269	-1	7	640	80	44570000
536189	-1	7	640	80	45180000
490927	-1	7	640	80	45950000
276371	-1	7	640	80	50470000
121321	-1	7	640	80	48720000
868157	-1	7	640	80	48890000
739201	-1	7	640	80	58030000
340393	-1	7	640	80	48650000
967831	-1	7	640	80	52100000
171329	-1	7	640	80	49320000
919859	-0.8	7	640	32	51340000
137437	-0.8	7	640	32	45280000
922123	-0.8	7	640	32	52580000
502057	-0.8	7	640	32	48570000
324991	-0.8	7	640	32	41300000
289603	-0.8	7	640	32	50090000
313381	-0.8	7	640	32	48920000
529049	-0.8	7	640	32	51330000
237287	-0.8	7	640	32	47920000
619819	-0.8	7	640	32	45800000
911269	-0.8	7	640	32	40550000
536189	-0.8	7	640	32	47540000
490927	-0.8	7	640	32	45460000
276371	-0.8	7	640	32	49880000
121321	-0.8	7	640	32	45640000
868157	-0.8	7	640	32	50430000
739201	-0.8	7	640	32	55920000
340393	-0.8	7	640	32	48390000
967831	-0.8	7	640	32	54880000
171329	-0.8	7	640	32	48510000
919859	-0.8	7	640	48	49470000
137437	-0.8	7	640	48	45360000
922123	-0.8	7	640	48	55480000
502057	-0.8	7	640	48	50500000
324991	-0.8	7	640	48	42860000
289603	-0.8	7	640	48	50840000
313381	-0.8	7	640	48	51810000
529049	-0.8	7	640	48	53050000
237287	-0.8	7	640	48	45750000
619819	-0.8	7	640	48	47590000
911269	-0.8	7	640	48	41110000
536189	-0.8	7	640	48	44310000
490927	-0.8	7	640	48	45140000
276371	-0.8	7	640	48	50540000
121321	-0.8	7	640	48	45560000
868157	-0.8	7	640	48	48710000
739201	-0.8	7	640	48	54330000
340393	-0.8	7	640	48	47500000
967831	-0.8	7	640	48	53540000
171329	-0.8	7	640	48	50620000
919859	-0.8	7	640	64	49410000
137437	-0.8	7	640	64	45360000
922123	-0.8	7	640	64	55670000
502057	-0.8	7	640	64	49810000
324991	-0.8	7	640	64	42660000
289603	-0.8	7	640	64	49500000
313381	-0.8	7	640	64	50470000
529049	-0.8	7	640	64	50770000
237287	-0.8	7	640	64	47720000
619819	-0.8	7	640	64	51770000
911269	-0.8	7	640	64	43260000
536189	-0.8	7	640	64	44510000
490927	-0.8	7	640	64	46540000
276371	-0.8	7	640	64	49890000
121321	-0.8	7	640	64	47100000
868157	-0.8	7	640	64	50660000
739201	-0.8	7	640	64	56210000
340393	-0.8	7	640	64	47630000
967831	-0.8	7	640	64	5.1e+07
171329	-0.8	7	640	64	50840000
919859	-0.8	7	640	80	48670000
137437	-0.8	7	640	80	43580000
922123	-0.8	7	640	80	54660000
502057	-0.8	7	640	80	48470000
324991	-0.8	7	640	80	44250000
289603	-0.8	7	640	80	49650000
313381	-0.8	7	640	80	49760000
529049	-0.8	7	640	80	49380000
237287	-0.8	7	640	80	47800000
619819	-0.8	7	640	80	52160000
911269	-0.8	7	640	80	44570000
536189	-0.8	7	640	80	45180000
490927	-0.8	7	640	80	45950000
276371	-0.8	7	640	80	50470000
121321	-0.8	7	640	80	48720000
868157	-0.8	7	640	80	48890000
739201	-0.8	7	640	80	58030000
340393	-0.8	7	640	80	48650000
967831	-0.8	7	640	80	52100000
171329	-0.8	7	640	80	49320000
919859	-0.6	7	640	32	51340000
137437	-0.6	7	640	32	45280000
922123	-0.6	7	640	32	52580000
502057	-0.6	7	640	32	48570000
324991	-0.6	7	640	32	41300000
289603	-0.6	7	640	32	50090000
313381	-0.6	7	640	32	48920000
529049	-0.6	7	640	32	51330000
237287	-0.6	7	640	32	47920000
619819	-0.6	7	640	32	45800000
911269	-0.6	7	640	32	40550000
536189	-0.6	7	640	32	47540000
490927	-0.6	7	640	32	45460000
276371	-0.6	7	640	32	49880000
121321	-0.6	7	640	32	45640000
868157	-0.6	7	640	32	50430000
739201	-0.6	7	640	32	55920000
340393	-0.6	7	640	32	48390000
967831	-0.6	7	640	32	54880000
171329	-0.6	7	640	32	48510000
919859	-0.6	7	640	48	49470000
137437	-0.6	7	640	48	45360000
922123	-0.6	7	640	48	55480000
502057	-0.6	7	640	48	50500000
324991	-0.6	7	640	48	42860000
289603	-0.6	7	640	48	50840000
313381	-0.6	7	640	48	51810000
529049	-0.6	7	640	48	53050000
237287	-0.6	7	640	48	45750000
619819	-0.6	7	640	48	47590000
911269	-0.6	7	640	48	41110000
536189	-0.6	7	640	48	44310000
490927	-0.6	7	640	48	45140000
276371	-0.6	7	640	48	50540000
121321	-0.6	7	640	48	45560000
868157	-0.6	7	640	48	48710000
739201	-0.6	7	640	48	54330000
340393	-0.6	7	640	48	47500000
967831	-0.6	7	640	48	53540000
171329	-0.6	7	640	48	50620000
919859	-0.6	7	640	64	49410000
137437	-0.6	7	640	64	45360000
922123	-0.6	7	640	64	55670000
502057	-0.6	7	640	64	49810000
324991	-0.6	7	640	64	42660000
289603	-0.6	7	640	64	49500000
313381	-0.6	7	640	64	50470000
529049	-0.6	7	640	64	50770000
237287	-0.6	7	640	64	47720000
619819	-0.6	7	640	64	51770000
911269	-0.6	7	640	64	43260000
536189	-0.6	7	640	64	44510000
490927	-0.6	7	640	64	46540000
276371	-0.6	7	640	64	49890000
121321	-0.6	7	640	64	47100000
868157	-0.6	7	640	64	50660000
739201	-0.6	7	640	64	56210000
340393	-0.6	7	640	64	47630000
967831	-0.6	7	640	64	5.1e+07
171329	-0.6	7	640	64	50840000
919859	-0.6	7	640	80	48670000
137437	-0.6	7	640	80	43580000
922123	-0.6	7	640	80	54660000
502057	-0.6	7	640	80	48470000
324991	-0.6	7	640	80	44250000
289603	-0.6	7	640	80	49650000
313381	-0.6	7	640	80	49760000
529049	-0.6	7	640	80	49380000
237287	-0.6	7	640	80	47800000
619819	-0.6	7	640	80	52160000
911269	-0.6	7	640	80	44570000
536189	-0.6	7	640	80	45180000
490927	-0.6	7	640	80	45950000
276371	-0.6	7	640	80	50470000
121321	-0.6	7	640	80	48720000
868157	-0.6	7	640	80	48890000
739201	-0.6	7	640	80	58030000
340393	-0.6	7	640	80	48650000
967831	-0.6	7	640	80	52100000
171329	-0.6	7	640	80	49320000
919859	-1	8	640	32	53840000
137437	-1	8	640	32	46930000
922123	-1	8	640	32	51930000
502057	-1	8	640	32	48860000
324991	-1	8	640	32	43130000
289603	-1	8	640	32	50590000
313381	-1	8	640	32	47490000
529049	-1	8	640	32	49570000
237287	-1	8	640	32	46640000
619819	-1	8	640	32	48990000
911269	-1	8	640	32	41290000
536189	-1	8	640	32	45750000
490927	-1	8	640	32	44960000
276371	-1	8	640	32	47480000
121321	-1	8	640	32	45750000
868157	-1	8	640	32	47780000
739201	-1	8	640	32	53590000
340393	-1	8	640	32	48040000
967831	-1	8	640	32	55440000
171329	-1	8	640	32	48730000
919859	-1	8	640	48	50580000
137437	-1	8	640	48	47870000
922123	-1	8	640	48	54320000
502057	-1	8	640	48	50270000
324991	-1	8	640	48	44960000
289603	-1	8	640	48	48760000
313381	-1	8	640	48	49040000
529049	-1	8	640	48	51810000
237287	-1	8	640	48	46290000
619819	-1	8	640	48	48030000
911269	-1	8	640	48	41530000
536189	-1	8	640	48	45260000
490927	-1	8	640	48	44720000
276371	-1	8	640	48	47560000
121321	-1	8	640	48	46710000
868157	-1	8	640	48	45880000
739201	-1	8	640	48	52190000
340393	-1	8	640	48	45320000
967831	-1	8	640	48	54070000
171329	-1	8	640	48	49410000
919859	-1	8	640	64	50250000
137437	-1	8	640	64	47990000
922123	-1	8	640	64	53630000
502057	-1	8	640	64	48370000
324991	-1	8	640	64	44440000
289603	-1	8	640	64	49730000
313381	-1	8	640	64	48590000
529049	-1	8	640	64	51640000
237287	-1	8	640	64	47930000
619819	-1	8	640	64	48190000
911269	-1	8	640	64	43630000
536189	-1	8	640	64	45460000
490927	-1	8	640	64	47430000
276371	-1	8	640	64	48670000
121321	-1	8	640	64	47690000
868157	-1	8	640	64	46360000
739201	-1	8	640	64	55030000
340393	-1	8	640	64	44750000
967831	-1	8	640	64	51560000
171329	-1	8	640	64	49120000
919859	-1	8	640	80	50360000
137437	-1	8	640	80	45410000
922123	-1	8	640	80	54250000
502057	-1	8	640	80	47790000
324991	-1	8	640	80	43700000
289603	-1	8	640	80	46010000
313381	-1	8	640	80	49640000
529049	-1	8	640	80	48670000
237287	-1	8	640	80	47620000
619819	-1	8	640	80	48480000
911269	-1	8	640	80	44910000
536189	-1	8	640	80	45600000
490927	-1	8	640	80	45630000
276371	-1	8	640	80	49480000
121321	-1	8	640	80	47590000
868157	-1	8	640	80	4.7e+07
739201	-1	8	640	80	52900000
340393	-1	8	640	80	45500000
967831	-1	8	640	80	52660000
171329	-1	8	640	80	48950000
919859	-0.8	8	640	32	53840000
137437	-0.8	8	640	32	46930000
922123	-0.8	8	640	32	51930000
502057	-0.8	8	640	32	48860000
324991	-0.8	8	640	32	43130000
289603	-0.8	8	640	32	50590000
313381	-0.8	8	640	32	47490000
529049	-0.8	8	640	32	49570000
237287	-0.8	8	640	32	46640000
619819	-0.8	8	640	32	48990000
911269	-0.8	8	640	32	41290000
536189	-0.8	8	640	32	45750000
490927	-0.8	8	640	32	44960000
276371	-0.8	8	640	32	47480000
121321	-0.8	8	640	32	45750000
868157	-0.8	8	640	32	47780000
739201	-0.8	8	640	32	53590000
340393	-0.8	8	640	32	48040000
967831	-0.8	8	640	32	55440000
171329	-0.8	8	640	32	48730000
919859	-0.8	8	640	48	50580000
137437	-0.8	8	640	48	47870000
922123	-0.8	8	640	48	54320000
502057	-0.8	8	640	48	50270000
324991	-0.8	8	640	48	44960000
289603	-0.8	8	640	48	48760000
313381	-0.8	8	640	48	49040000
529049	-0.8	8	640	48	51810000
237287	-0.8	8	640	48	46290000
619819	-0.8	8	640	48	48030000
911269	-0.8	8	640	48	41530000
536189	-0.8	8	640	48	45260000
490927	-0.8	8	640	48	44720000
276371	-0.8	8	640	48	47560000
121321	-0.8	8	640	48	46710000
868157	-0.8	8	640	48	45880000
739201	-0.8	8	640	48	52190000
340393	-0.8	8	640	48	45320000
967831	-0.8	8	640	48	54070000
171329	-0.8	8	640	48	49410000
919859	-0.8	8	640	64	50250000
137437	-0.8	8	640	64	47990000
922123	-0.8	8	640	64	53630000
502057	-0.8	8	640	64	48370000
324991	-0.8	8	640	64	44440000
289603	-0.8	8	640	64	49730000
313381	-0.8	8	640	64	48590000
529049	-0.8	8	640	64	51640000
237287	-0.8	8	640	64	47930000
619819	-0.8	8	640	64	48190000
911269	-0.8	8	640	64	43630000
536189	-0.8	8	640	64	45460000
490927	-0.8	8	640	64	47430000
276371	-0.8	8	640	64	48670000
121321	-0.8	8	640	64	47690000
868157	-0.8	8	640	64	46360000
739201	-0.8	8	640	64	55030000
340393	-0.8	8	640	64	44750000
967831	-0.8	8	640	64	51560000
171329	-0.8	8	640	64	49120000
919859	-0.8	8	640	80	50360000
137437	-0.8	8	640	80	45410000
922123	-0.8	8	640	80	54250000
502057	-0.8	8	640	80	47790000
324991	-0.8	8	640	80	43700000
289603	-0.8	8	640	80	46010000
313381	-0.8	8	640	80	49640000
529049	-0.8	8	640	80	48670000
237287	-0.8	8	640	80	47620000
619819	-0.8	8	640	80	48480000
911269	-0.8	8	640	80	44910000
536189	-0.8	8	640	80	45600000
490927	-0.8	8	640	80	45630000
276371	-0.8	8	640	80	49480000
121321	-0.8	8	640	80	47590000
868157	-0.8	8	640	80	4.7e+07
739201	-0.8	8	640	80	52900000
340393	-0.8	8	640	80	45500000
967831	-0.8	8	640	80	52660000
171329	-0.8	8	640	80	48950000
919859	-0.6	8	640	32	53840000
137437	-0.6	8	640	32	46930000
922123	-0.6	8	640	32	51930000
502057	-0.6	8	640	32	48860000
324991	-0.6	8	640	32	43130000
289603	-0.6	8	640	32	50590000
313381	-0.6	8	640	32	47490000
529049	-0.6	8	640	32	49570000
237287	-0.6	8	640	32	46640000
619819	-0.6	8	640	32	48990000
911269	-0.6	8	640	32	41290000
536189	-0.6	8	640	32	45750000
490927	-0.6	8	640	32	44960000
276371	-0.6	8	640	32	47480000
121321	-0.6	8	640	32	45750000
868157	-0.6	8	640	32	47780000
739201	-0.6	8	640	32	53590000
340393	-0.6	8	640	32	48040000
967831	-0.6	8	640	32	55440000
171329	-0.6	8	640	32	48730000
919859	-0.6	8	640	48	50580000
137437	-0.6	8	640	48	47870000
922123	-0.6	8	640	48	54320000
502057	-0.6	8	640	48	50270000
324991	-0.6	8	640	48	44960000
289603	-0.6	8	640	48	48760000
313381	-0.6	8	640	48	49040000
529049	-0.6	8	640	48	51810000
237287	-0.6	8	640	48	46290000
619819	-0.6	8	640	48	48030000
911269	-0.6	8	640	48	41530000
536189	-0.6	8	640	48	45260000
490927	-0.6	8	640	48	44720000
276371	-0.6	8	640	48	47560000
121321	-0.6	8	640	48	46710000
868157	-0.6	8	640	48	45880000
739201	-0.6	8	640	48	52190000
340393	-0.6	8	640	48	45320000
967831	-0.6	8	640	48	54070000
171329	-0.6	8	640	48	49410000
919859	-0.6	8	640	64	50250000
137437	-0.6	8	640	64	47990000
922123	-0.6	8	640	64	53630000
502057	-0.6	8	640	64	48370000
324991	-0.6	8	640	64	44440000
289603	-0.6	8	640	64	49730000
313381	-0.6	8	640	64	48590000
529049	-0.6	8	640	64	51640000
237287	-0.6	8	640	64	47930000
619819	-0.6	8	640	64	48190000
911269	-0.6	8	640	64	43630000
536189	-0.6	8	640	64	45460000
490927	-0.6	8	640	64	47430000
276371	-0.6	8	640	64	48670000
121321	-0.6	8	640	64	47690000
868157	-0.6	8	640	64	46360000
739201	-0.6	8	640	64	55030000
340393	-0.6	8	640	64	44750000
967831	-0.6	8	640	64	51560000
171329	-0.6	8	640	64	49120000
919859	-0.6	8	640	80	50360000
137437	-0.6	8	640	80	45410000
922123	-0.6	8	640	80	54250000
502057	-0.6	8	640	80	47790000
324991	-0.6	8	640	80	43700000
289603	-0.6	8	640	80	46010000
313381	-0.6	8	640	80	49640000
529049	-0.6	8	640	80	48670000
237287	-0.6	8	640	80	47620000
619819	-0.6	8	640	80	48480000
911269	-0.6	8	640	80	44910000
536189	-0.6	8	640	80	45600000
490927	-0.6	8	640	80	45630000
276371	-0.6	8	640	80	49480000
121321	-0.6	8	640	80	47590000
868157	-0.6	8	640	80	4.7e+07
739201	-0.6	8	640	80	52900000
340393	-0.6	8	640	80	45500000
967831	-0.6	8	640	80	52660000
171329	-0.6	8	640	80	48950000
919859	-1	6	800	32	49030000
137437	-1	6	800	32	46580000
922123	-1	6	800	32	54080000
502057	-1	6	800	32	43620000
324991	-1	6	800	32	46900000
289603	-1	6	800	32	50010000
313381	-1	6	800	32	48830000
529049	-1	6	800	32	47770000
237287	-1	6	800	32	47400000
619819	-1	6	800	32	48260000
911269	-1	6	800	32	45300000
536189	-1	6	800	32	47950000
490927	-1	6	800	32	44880000
276371	-1	6	800	32	51820000
121321	-1	6	800	32	45360000
868157	-1	6	800	32	47960000
739201	-1	6	800	32	54510000
340393	-1	6	800	32	51130000
967831	-1	6	800	32	51670000
171329	-1	6	800	32	48930000
919859	-1	6	800	48	47580000
137437	-1	6	800	48	45740000
922123	-1	6	800	48	54030000
502057	-1	6	800	48	42970000
324991	-1	6	800	48	43730000
289603	-1	6	800	48	49670000
313381	-1	6	800	48	49320000
529049	-1	6	800	48	47920000
237287	-1	6	800	48	47120000
619819	-1	6	800	48	47840000
911269	-1	6	800	48	45350000
536189	-1	6	800	48	48430000
490927	-1	6	800	48	45920000
276371	-1	6	800	48	52970000
121321	-1	6	800	48	45280000
868157	-1	6	800	48	47980000
739201	-1	6	800	48	54800000
340393	-1	6	800	48	50140000
967831	-1	6	800	48	50800000
171329	-1	6	800	48	48640000
919859	-1	6	800	64	46530000
137437	-1	6	800	64	45930000
922123	-1	6	800	64	54030000
502057	-1	6	800	64	46700000
324991	-1	6	800	64	44260000
289603	-1	6	800	64	51580000
313381	-1	6	800	64	48760000
529049	-1	6	800	64	49590000
237287	-1	6	800	64	46580000
619819	-1	6	800	64	51110000
911269	-1	6	800	64	45670000
536189	-1	6	800	64	48430000
490927	-1	6	800	64	44520000
276371	-1	6	800	64	54970000
121321	-1	6	800	64	46150000
868157	-1	6	800	64	49660000
739201	-1	6	800	64	55790000
340393	-1	6	800	64	50060000
967831	-1	6	800	64	55050000
171329	-1	6	800	64	48640000
919859	-1	6	800	80	45850000
137437	-1	6	800	80	44190000
922123	-1	6	800	80	54900000
502057	-1	6	800	80	45360000
324991	-1	6	800	80	45400000
289603	-1	6	800	80	51960000
313381	-1	6	800	80	47070000
529049	-1	6	800	80	50070000
237287	-1	6	800	80	46770000
619819	-1	6	800	80	51010000
911269	-1	6	800	80	46320000
536189	-1	6	800	80	47620000
490927	-1	6	800	80	43380000
276371	-1	6	800	80	55650000
121321	-1	6	800	80	46150000
868157	-1	6	800	80	50610000
739201	-1	6	800	80	55820000
340393	-1	6	800	80	49520000
967831	-1	6	800	80	55120000
171329	-1	6	800	80	48640000
919859	-0.8	6	800	32	49030000
137437	-0.8	6	800	32	46580000
922123	-0.8	6	800	32	54080000
502057	-0.8	6	800	32	43620000
324991	-0.8	6	800	32	46900000
289603	-0.8	6	800	32	50010000
313381	-0.8	6	800	32	48830000
529049	-0.8	6	800	32	47770000
237287	-0.8	6	800	32	47400000
619819	-0.8	6	800	32	48260000
911269	-0.8	6	800	32	45300000
536189	-0.8	6	800	32	47950000
490927	-0.8	6	800	32	44880000
276371	-0.8	6	800	32	51820000
121321	-0.8	6	800	32	45360000
868157	-0.8	6	800	32	47960000
739201	-0.8	6	800	32	54510000
340393	-0.8	6	800	32	51130000
967831	-0.8	6	800	32	51670000
171329	-0.8	6	800	32	48930000
919859	-0.8	6	800	48	47580000
137437	-0.8	6	800	48	45740000
922123	-0.8	6	800	48	54030000
502057	-0.8	6	800	48	42970000
324991	-0.8	6	800	48	43730000
289603	-0.8	6	800	48	49670000
313381	-0.8	6	800	48	49320000
529049	-0.8	6	800	48	47920000
237287	-0.8	6	800	48	47120000
619819	-0.8	6	800	48	47840000
911269	-0.8	6	800	48	45350000
536189	-0.8	6	800	48	48430000
490927	-0.8	6	800	48	45920000
276371	-0.8	6	800	48	52970000
121321	-0.8	6	800	48	45280000
868157	-0.8	6	800	48	47980000
739201	-0.8	6	800	48	54800000
340393	-0.8	6	800	48	50140000
967831	-0.8	6	800	48	50800000
171329	-0.8	6	800	48	48640000
919859	-0.8	6	800	64	46530000
137437	-0.8	6	800	64	45930000
922123	-0.8	6	800	64	54030000
502057	-0.8	6	800	64	46700000
324991	-0.8	6	800	64	44260000
289603	-0.8	6	800	64	51580000
313381	-0.8	6	800	64	48760000
529049	-0.8	6	800	64	49590000
237287	-0.8	6	800	64	46580000
619819	-0.8	6	800	64	51110000
911269	-0.8	6	800	64	45670000
536189	-0.8	6	800	64	48430000
490927	-0.8	6	800	64	44520000
276371	-0.8	6	800	64	54970000
121321	-0.8	6	800	64	46150000
868157	-0.8	6	800	64	49660000
739201	-0.8	6	800	64	55790000
340393	-0.8	6	800	64	50060000
967831	-0.8	6	800	64	55050000
171329	-0.8	6	800	64	48640000
919859	-0.8	6	800	80	45850000
137437	-0.8	6	800	80	44190000
922123	-0.8	6	800	80	54900000
502057	-0.8	6	800	80	45360000
324991	-0.8	6	800	80	45400000
289603	-0.8	6	800	80	51960000
313381	-0.8	6	800	80	47070000
529049	-0.8	6	800	80	50070000
237287	-0.8	6	800	80	46770000
619819	-0.8	6	800	80	51010000
911269	-0.8	6	800	80	46320000
536189	-0.8	6	800	80	47620000
490927	-0.8	6	800	80	43380000
276371	-0.8	6	800	80	55650000
121321	-0.8	6	800	80	46150000
868157	-0.8	6	800	80	50610000
739201	-0.8	6	800	80	55820000
340393	-0.8	6	800	80	49520000
967831	-0.8	6	800	80	55120000
171329	-0.8	6	800	80	48640000
919859	-0.6	6	800	32	49030000
137437	-0.6	6	800	32	46580000
922123	-0.6	6	800	32	54080000
502057	-0.6	6	800	32	43620000
324991	-0.6	6	800	32	46900000
289603	-0.6	6	800	32	50010000
313381	-0.6	6	800	32	48830000
529049	-0.6	6	800	32	47770000
237287	-0.6	6	800	32	47400000
619819	-0.6	6	800	32	48260000
911269	-0.6	6	800	32	45300000
536189	-0.6	6	800	32	47950000
490927	-0.6	6	800	32	44880000
276371	-0.6	6	800	32	51820000
121321	-0.6	6	800	32	45360000
868157	-0.6	6	800	32	47960000
739201	-0.6	6	800	32	54510000
340393	-0.6	6	800	32	51130000
967831	-0.6	6	800	32	51670000
171329	-0.6	6	800	32	48930000
919859	-0.6	6	800	48	47580000
137437	-0.6	6	800	48	45740000
922123	-0.6	6	800	48	54030000
502057	-0.6	6	800	48	42970000
324991	-0.6	6	800	48	43730000
289603	-0.6	6	800	48	49670000
313381	-0.6	6	800	48	49320000
529049	-0.6	6	800	48	47920000
237287	-0.6	6	800	48	47120000
619819	-0.6	6	800	48	47840000
911269	-0.6	6	800	48	45350000
536189	-0.6	6	800	48	48430000
490927	-0.6	6	800	48	45920000
276371	-0.6	6	800	48	52970000
121321	-0.6	6	800	48	45280000
868157	-0.6	6	800	48	47980000
739201	-0.6	6	800	48	54800000
340393	-0.6	6	800	48	50140000
967831	-0.6	6	800	48	50800000
171329	-0.6	6	800	48	48640000
919859	-0.6	6	800	64	46530000
137437	-0.6	6	800	64	45930000
922123	-0.6	6	800	64	54030000
502057	-0.6	6	800	64	46700000
324991	-0.6	6	800	64	44260000
289603	-0.6	6	800	64	51580000
313381	-0.6	6	800	64	48760000
529049	-0.6	6	800	64	49590000
237287	-0.6	6	800	64	46580000
619819	-0.6	6	800	64	51110000
911269	-0.6	6	800	64	45670000
536189	-0.6	6	800	64	48430000
490927	-0.6	6	800	64	44520000
276371	-0.6	6	800	64	54970000
121321	-0.6	6	800	64	46150000
868157	-0.6	6	800	64	49660000
739201	-0.6	6	800	64	55790000
340393	-0.6	6	800	64	50060000
967831	-0.6	6	800	64	55050000
171329	-0.6	6	800	64	48640000
919859	-0.6	6	800	80	45850000
137437	-0.6	6	800	80	44190000
922123	-0.6	6	800	80	54900000
502057	-0.6	6	800	80	45360000
324991	-0.6	6	800	80	45400000
289603	-0.6	6	800	80	51960000
313381	-0.6	6	800	80	47070000
529049	-0.6	6	800	80	50070000
237287	-0.6	6	800	80	46770000
619819	-0.6	6	800	80	51010000
911269	-0.6	6	800	80	46320000
536189	-0.6	6	800	80	47620000
490927	-0.6	6	800	80	43380000
276371	-0.6	6	800	80	55650000
121321	-0.6	6	800	80	46150000
868157	-0.6	6	800	80	50610000
739201	-0.6	6	800	80	55820000
340393	-0.6	6	800	80	49520000
967831	-0.6	6	800	80	55120000
171329	-0.6	6	800	80	48640000
919859	-1	7	800	32	51610000
137437	-1	7	800	32	45280000
922123	-1	7	800	32	52320000
502057	-1	7	800	32	49330000
324991	-1	7	800	32	41300000
289603	-1	7	800	32	50090000
313381	-1	7	800	32	49340000
529049	-1	7	800	32	50380000
237287	-1	7	800	32	48060000
619819	-1	7	800	32	45800000
911269	-1	7	800	32	42670000
536189	-1	7	800	32	47260000
490927	-1	7	800	32	45250000
276371	-1	7	800	32	49880000
121321	-1	7	800	32	46720000
868157	-1	7	800	32	50430000
739201	-1	7	800	32	56040000
340393	-1	7	800	32	48530000
967831	-1	7	800	32	54880000
171329	-1	7	800	32	48680000
919859	-1	7	800	48	50400000
137437	-1	7	800	48	45360000
922123	-1	7	800	48	55510000
502057	-1	7	800	48	50520000
324991	-1	7	800	48	42860000
289603	-1	7	800	48	50840000
313381	-1	7	800	48	49830000
529049	-1	7	800	48	52540000
237287	-1	7	800	48	46730000
619819	-1	7	800	48	47590000
911269	-1	7	800	48	43330000
536189	-1	7	800	48	45600000
490927	-1	7	800	48	44930000
276371	-1	7	800	48	50540000
121321	-1	7	800	48	46640000
868157	-1	7	800	48	48710000
739201	-1	7	800	48	54980000
340393	-1	7	800	48	47500000
967831	-1	7	800	48	53540000
171329	-1	7	800	48	50790000
919859	-1	7	800	64	50210000
137437	-1	7	800	64	45360000
922123	-1	7	800	64	55700000
502057	-1	7	800	64	50140000
324991	-1	7	800	64	42660000
289603	-1	7	800	64	50110000
313381	-1	7	800	64	49340000
529049	-1	7	800	64	50260000
237287	-1	7	800	64	47960000
619819	-1	7	800	64	51500000
911269	-1	7	800	64	43370000
536189	-1	7	800	64	45800000
490927	-1	7	800	64	44490000
276371	-1	7	800	64	49890000
121321	-1	7	800	64	48180000
868157	-1	7	800	64	50660000
739201	-1	7	800	64	56850000
340393	-1	7	800	64	47630000
967831	-1	7	800	64	5.1e+07
171329	-1	7	800	64	51010000
919859	-1	7	800	80	49470000
137437	-1	7	800	80	43580000
922123	-1	7	800	80	54660000
502057	-1	7	800	80	48800000
324991	-1	7	800	80	44890000
289603	-1	7	800	80	50490000
313381	-1	7	800	80	48440000
529049	-1	7	800	80	49070000
237287	-1	7	800	80	48150000
619819	-1	7	800	80	52080000
911269	-1	7	800	80	44430000
536189	-1	7	800	80	45280000
490927	-1	7	800	80	43900000
276371	-1	7	800	80	50930000
121321	-1	7	800	80	49800000
868157	-1	7	800	80	48890000
739201	-1	7	800	80	58670000
340393	-1	7	800	80	48650000
967831	-1	7	800	80	51030000
171329	-1	7	800	80	49490000
919859	-0.8	7	800	32	51610000
137437	-0.8	7	800	32	45280000
922123	-0.8	7	800	32	52320000
502057	-0.8	7	800	32	49330000
324991	-0.8	7	800	32	41300000
289603	-0.8	7	800	32	50090000
313381	-0.8	7	800	32	49340000
529049	-0.8	7	800	32	50380000
237287	-0.8	7	800	32	48060000
619819	-0.8	7	800	32	45800000
911269	-0.8	7	800	32	42670000
536189	-0.8	7	800	32	47260000
490927	-0.8	7	800	32	45250000
276371	-0.8	7	800	32	49880000
121321	-0.8	7	800	32	46720000
868157	-0.8	7	800	32	50430000
739201	-0.8	7	800	32	56040000
340393	-0.8	7	800	32	48530000
967831	-0.8	7	800	32	54880000
171329	-0.8	7	800	32	48680000
919859	-0.8	7	800	48	50400000
137437	-0.8	7	800	48	45360000
922123	-0.8	7	800	48	55510000
502057	-0.8	7	800	48	50520000
324991	-0.8	7	800	48	42860000
289603	-0.8	7	800	48	50840000
313381	-0.8	7	800	48	49830000
529049	-0.8	7	800	48	52540000
237287	-0.8	7	800	48	46730000
619819	-0.8	7	800	48	47590000
911269	-0.8	7	800	48	43330000
536189	-0.8	7	800	48	45600000
490927	-0.8	7	800	48	44930000
276371	-0.8	7	800	48	50540000
121321	-0.8	7	800	48	46640000
868157	-0.8	7	800	48	48710000
739201	-0.8	7	800	48	54980000
340393	-0.8	7	800	48	47500000
967831	-0.8	7	800	48	53540000
171329	-0.8	7	800	48	50790000
919859	-0.8	7	800	64	50210000
137437	-0.8	7	800	64	45360000
922123	-0.8	7	800	64	55700000
502057	-0.8	7	800	64	50140000
324991	-0.8	7	800	64	42660000
289603	-0.8	7	800	64	50110000
313381	-0.8	7	800	64	49340000
529049	-0.8	7	800	64	50260000
237287	-0.8	7	800	64	47960000
619819	-0.8	7	800	64	51500000
911269	-0.8	7	800	64	43370000
536189	-0.8	7	800	64	45800000
490927	-0.8	7	800	64	44490000
276371	-0.8	7	800	64	49890000
121321	-0.8	7	800	64	48180000
868157	-0.8	7	800	64	50660000
739201	-0.8	7	800	64	56850000
340393	-0.8	7	800	64	47630000
967831	-0.8	7	800	64	5.1e+07
171329	-0.8	7	800	64	51010000
919859	-0.8	7	800	80	49470000
137437	-0.8	7	800	80	43580000
922123	-0.8	7	800	80	54660000
502057	-0.8	7	800	80	48800000
324991	-0.8	7	800	80	44890000
289603	-0.8	7	800	80	50490000
313381	-0.8	7	800	80	48440000
529049	-0.8	7	800	80	49070000
237287	-0.8	7	800	80	48150000
619819	-0.8	7	800	80	52080000
911269	-0.8	7	800	80	44430000
536189	-0.8	7	800	80	45280000
490927	-0.8	7	800	80	43900000
276371	-0.8	7	800	80	50930000
121321	-0.8	7	800	80	49800000
868157	-0.8	7	800	80	48890000
739201	-0.8	7	800	80	58670000
340393	-0.8	7	800	80	48650000
967831	-0.8	7	800	80	51030000
171329	-0.8	7	800	80	49490000
919859	-0.6	7	800	32	51610000
137437	-0.6	7	800	32	45280000
922123	-0.6	7	800	32	52320000
502057	-0.6	7	800	32	49330000
324991	-0.6	7	800	32	41300000
289603	-0.6	7	800	32	50090000
313381	-0.6	7	800	32	49340000
529049	-0.6	7	800	32	50380000
237287	-0.6	7	800	32	48060000
619819	-0.6	7	800	32	45800000
911269	-0.6	7	800	32	42670000
536189	-0.6	7	800	32	47260000
490927	-0.6	7	800	32	45250000
276371	-0.6	7	800	32	49880000
121321	-0.6	7	800	32	46720000
868157	-0.6	7	800	32	50430000
739201	-0.6	7	800	32	56040000
340393	-0.6	7	800	32	48530000
967831	-0.6	7	800	32	54880000
171329	-0.6	7	800	32	48680000
919859	-0.6	7	800	48	50400000
137437	-0.6	7	800	48	45360000
922123	-0.6	7	800	48	55510000
502057	-0.6	7	800	48	50520000
324991	-0.6	7	800	48	42860000
289603	-0.6	7	800	48	50840000
313381	-0.6	7	800	48	49830000
529049	-0.6	7	800	48	52540000
237287	-0.6	7	800	48	46730000
619819	-0.6	7	800	48	47590000
911269	-0.6	7	800	48	43330000
536189	-0.6	7	800	48	45600000
490927	-0.6	7	800	48	44930000
276371	-0.6	7	800	48	50540000
121321	-0.6	7	800	48	46640000
868157	-0.6	7	800	48	48710000
739201	-0.6	7	800	48	54980000
340393	-0.6	7	800	48	47500000
967831	-0.6	7	800	48	53540000
171329	-0.6	7	800	48	50790000
919859	-0.6	7	800	64	50210000
137437	-0.6	7	800	64	45360000
922123	-0.6	7	800	64	55700000
502057	-0.6	7	800	64	50140000
324991	-0.6	7	800	64	42660000
289603	-0.6	7	800	64	50110000
313381	-0.6	7	800	64	49340000
529049	-0.6	7	800	64	50260000
237287	-0.6	7	800	64	47960000
619819	-0.6	7	800	64	51500000
911269	-0.6	7	800	64	43370000
536189	-0.6	7	800	64	45800000
490927	-0.6	7	800	64	44490000
276371	-0.6	7	800	64	49890000
121321	-0.6	7	800	64	48180000
868157	-0.6	7	800	64	50660000
739201	-0.6	7	800	64	56850000
340393	-0.6	7	800	64	47630000
967831	-0.6	7	800	64	5.1e+07
171329	-0.6	7	800	64	51010000
919859	-0.6	7	800	80	49470000
137437	-0.6	7	800	80	43580000
922123	-0.6	7	800	80	54660000
502057	-0.6	7	800	80	48800000
324991	-0.6	7	800	80	44890000
289603	-0.6	7	800	80	50490000
313381	-0.6	7	800	80	48440000
529049	-0.6	7	800	80	49070000
237287	-0.6	7	800	80	48150000
619819	-0.6	7	800	80	52080000
911269	-0.6	7	800	80	44430000
536189	-0.6	7	800	80	45280000
490927	-0.6	7	800	80	43900000
276371	-0.6	7	800	80	50930000
121321	-0.6	7	800	80	49800000
868157	-0.6	7	800	80	48890000
739201	-0.6	7	800	80	58670000
340393	-0.6	7	800	80	48650000
967831	-0.6	7	800	80	51030000
171329	-0.6	7	800	80	49490000
919859	-1	8	800	32	52540000
137437	-1	8	800	32	46930000
922123	-1	8	800	32	51640000
502057	-1	8	800	32	48020000
324991	-1	8	800	32	43130000
289603	-1	8	800	32	50590000
313381	-1	8	800	32	49260000
529049	-1	8	800	32	48790000
237287	-1	8	800	32	47290000
619819	-1	8	800	32	48420000
911269	-1	8	800	32	43410000
536189	-1	8	800	32	45470000
490927	-1	8	800	32	44750000
276371	-1	8	800	32	47880000
121321	-1	8	800	32	46830000
868157	-1	8	800	32	48960000
739201	-1	8	800	32	53820000
340393	-1	8	800	32	48180000
967831	-1	8	800	32	55440000
171329	-1	8	800	32	48900000
919859	-1	8	800	48	51770000
137437	-1	8	800	48	48070000
922123	-1	8	800	48	5.4e+07
502057	-1	8	800	48	48690000
324991	-1	8	800	48	45140000
289603	-1	8	800	48	49820000
313381	-1	8	800	48	47010000
529049	-1	8	800	48	50530000
237287	-1	8	800	48	47400000
619819	-1	8	800	48	47490000
911269	-1	8	800	48	44110000
536189	-1	8	800	48	46550000
490927	-1	8	800	48	44510000
276371	-1	8	800	48	48310000
121321	-1	8	800	48	47790000
868157	-1	8	800	48	47180000
739201	-1	8	800	48	52840000
340393	-1	8	800	48	45560000
967831	-1	8	800	48	54070000
171329	-1	8	800	48	49580000
919859	-1	8	800	64	51580000
137437	-1	8	800	64	48190000
922123	-1	8	800	64	53310000
502057	-1	8	800	64	48700000
324991	-1	8	800	64	44620000
289603	-1	8	800	64	50170000
313381	-1	8	800	64	46890000
529049	-1	8	800	64	50360000
237287	-1	8	800	64	48170000
619819	-1	8	800	64	47860000
911269	-1	8	800	64	44100000
536189	-1	8	800	64	46750000
490927	-1	8	800	64	45380000
276371	-1	8	800	64	48090000
121321	-1	8	800	64	48770000
868157	-1	8	800	64	47490000
739201	-1	8	800	64	55670000
340393	-1	8	800	64	45340000
967831	-1	8	800	64	51980000
171329	-1	8	800	64	49290000
919859	-1	8	800	80	50840000
137437	-1	8	800	80	45700000
922123	-1	8	800	80	53900000
502057	-1	8	800	80	48120000
324991	-1	8	800	80	44610000
289603	-1	8	800	80	46850000
313381	-1	8	800	80	47680000
529049	-1	8	800	80	47660000
237287	-1	8	800	80	47970000
619819	-1	8	800	80	48340000
911269	-1	8	800	80	45130000
536189	-1	8	800	80	45700000
490927	-1	8	800	80	43580000
276371	-1	8	800	80	49370000
121321	-1	8	800	80	48670000
868157	-1	8	800	80	4.7e+07
739201	-1	8	800	80	53540000
340393	-1	8	800	80	45390000
967831	-1	8	800	80	52010000
171329	-1	8	800	80	49120000
919859	-0.8	8	800	32	52540000
137437	-0.8	8	800	32	46930000
922123	-0.8	8	800	32	51640000
502057	-0.8	8	800	32	48020000
324991	-0.8	8	800	32	43130000
289603	-0.8	8	800	32	50590000
313381	-0.8	8	800	32	49260000
529049	-0.8	8	800	32	48790000
237287	-0.8	8	800	32	47290000
619819	-0.8	8	800	32	48420000
911269	-0.8	8	800	32	43410000
536189	-0.8	8	800	32	45470000
490927	-0.8	8	800	32	44750000
276371	-0.8	8	800	32	47880000
121321	-0.8	8	800	32	46830000
868157	-0.8	8	800	32	48960000
739201	-0.8	8	800	32	53820000
340393	-0.8	8	800	32	48180000
967831	-0.8	8	800	32	55440000
171329	-0.8	8	800	32	48900000
919859	-0.8	8	800	48	51770000
137437	-0.8	8	800	48	48070000
922123	-0.8	8	800	48	5.4e+07
502057	-0.8	8	800	48	48690000
324991	-0.8	8	800	48	45140000
289603	-0.8	8	800	48	49820000
313381	-0.8	8	800	48	47010000
529049	-0.8	8	800	48	50530000
237287	-0.8	8	800	48	47400000
619819	-0.8	8	800	48	47490000
911269	-0.8	8	800	48	44110000
536189	-0.8	8	800	48	46550000
490927	-0.8	8	800	48	44510000
276371	-0.8	8	800	48	48310000
121321	-0.8	8	800	48	47790000
868157	-0.8	8	800	48	47180000
739201	-0.8	8	800	48	52840000
340393	-0.8	8	800	48	45560000
967831	-0.8	8	800	48	54070000
171329	-0.8	8	800	48	49580000
919859	-0.8	8	800	64	51580000
137437	-0.8	8	800	64	48190000
922123	-0.8	8	800	64	53310000
502057	-0.8	8	800	64	48700000
324991	-0.8	8	800	64	44620000
289603	-0.8	8	800	64	50170000
313381	-0.8	8	800	64	46890000
529049	-0.8	8	800	64	50360000
237287	-0.8	8	800	64	48170000
619819	-0.8	8	800	64	47860000
911269	-0.8	8	800	64	44100000
536189	-0.8	8	800	64	46750000
490927	-0.8	8	800	64	45380000
276371	-0.8	8	800	64	48090000
121321	-0.8	8	800	64	48770000
868157	-0.8	8	800	64	47490000
739201	-0.8	8	800	64	55670000
340393	-0.8	8	800	64	45340000
967831	-0.8	8	800	64	51980000
171329	-0.8	8	800	64	49290000
919859	-0.8	8	800	80	50840000
137437	-0.8	8	800	80	45700000
922123	-0.8	8	800	80	53900000
502057	-0.8	8	800	80	48120000
324991	-0.8	8	800	80	44610000
289603	-0.8	8	800	80	46850000
313381	-0.8	8	800	80	47680000
529049	-0.8	8	800	80	47660000
237287	-0.8	8	800	80	47970000
619819	-0.8	8	800	80	48340000
911269	-0.8	8	800	80	45130000
536189	-0.8	8	800	80	45700000
490927	-0.8	8	800	80	43580000
276371	-0.8	8	800	80	49370000
121321	-0.8	8	800	80	48670000
868157	-0.8	8	800	80	4.7e+07
739201	-0.8	8	800	80	53540000
340393	-0.8	8	800	80	45390000
967831	-0.8	8	800	80	52010000
171329	-0.8	8	800	80	49120000
919859	-0.6	8	800	32	52540000
137437	-0.6	8	800	32	46930000
922123	-0.6	8	800	32	51640000
502057	-0.6	8	800	32	48020000
324991	-0.6	8	800	32	43130000
289603	-0.6	8	800	32	50590000
313381	-0.6	8	800	32	49260000
529049	-0.6	8	800	32	48790000
237287	-0.6	8	800	32	47290000
619819	-0.6	8	800	32	48420000
911269	-0.6	8	800	32	43410000
536189	-0.6	8	800	32	45470000
490927	-0.6	8	800	32	44750000
276371	-0.6	8	800	32	47880000
121321	-0.6	8	800	32	46830000
868157	-0.6	8	800	32	48960000
739201	-0.6	8	800	32	53820000
340393	-0.6	8	800	32	48180000
967831	-0.6	8	800	32	55440000
171329	-0.6	8	800	32	48900000
919859	-0.6	8	800	48	51770000
137437	-0.6	8	800	48	48070000
922123	-0.6	8	800	48	5.4e+07
502057	-0.6	8	800	48	48690000
324991	-0.6	8	800	48	45140000
289603	-0.6	8	800	48	49820000
313381	-0.6	8	800	48	47010000
529049	-0.6	8	800	48	50530000
237287	-0.6	8	800	48	47400000
619819	-0.6	8	800	48	47490000
911269	-0.6	8	800	48	44110000
536189	-0.6	8	800	48	46550000
490927	-0.6	8	800	48	44510000
276371	-0.6	8	800	48	48310000
121321	-0.6	8	800	48	47790000
868157	-0.6	8	800	48	47180000
739201	-0.6	8	800	48	52840000
340393	-0.6	8	800	48	45560000
967831	-0.6	8	800	48	54070000
171329	-0.6	8	800	48	49580000
919859	-0.6	8	800	64	51580000
137437	-0.6	8	800	64	48190000
922123	-0.6	8	800	64	53310000
502057	-0.6	8	800	64	48700000
324991	-0.6	8	800	64	44620000
289603	-0.6	8	800	64	50170000
313381	-0.6	8	800	64	46890000
529049	-0.6	8	800	64	50360000
237287	-0.6	8	800	64	48170000
619819	-0.6	8	800	64	47860000
911269	-0.6	8	800	64	44100000
536189	-0.6	8	800	64	46750000
490927	-0.6	8	800	64	45380000
276371	-0.6	8	800	64	48090000
121321	-0.6	8	800	64	48770000
868157	-0.6	8	800	64	47490000
739201	-0.6	8	800	64	55670000
340393	-0.6	8	800	64	45340000
967831	-0.6	8	800	64	51980000
171329	-0.6	8	800	64	49290000
919859	-0.6	8	800	80	50840000
137437	-0.6	8	800	80	45700000
922123	-0.6	8	800	80	53900000
502057	-0.6	8	800	80	48120000
324991	-0.6	8	800	80	44610000
289603	-0.6	8	800	80	46850000
313381	-0.6	8	800	80	47680000
529049	-0.6	8	800	80	47660000
237287	-0.6	8	800	80	47970000
619819	-0.6	8	800	80	48340000
911269	-0.6	8	800	80	45130000
536189	-0.6	8	800	80	45700000
490927	-0.6	8	800	80	43580000
276371	-0.6	8	800	80	49370000
121321	-0.6	8	800	80	48670000
868157	-0.6	8	800	80	4.7e+07
739201	-0.6	8	800	80	53540000
340393	-0.6	8	800	80	45390000
967831	-0.6	8	800	80	52010000
171329	-0.6	8	800	80	49120000
